11 0.28125 0.3109375 0.19453125 0.33984375
11 0.5140625 0.3921875 0.2890625 0.45390625
11 0.3734375 0.77265625 0.2203125 0.25546875
0 0.19296875 0.90625 0.1390625 0.128125
0 0.06953125 0.9484375 0.08984375 0.09453125
0 0.23359375 0.8125 0.128125 0.17265625
0 0.03359375 0.47890625 0.065625 0.11171875
0 0.0859375 0.2125 0.08203125 0.09296875
0 0.02109375 0.2875 0.0390625 0.07265625
0 0.2484375 0.6375 0.04375 0.09140625
0 0.3015625 0.72734375 0.09296875 0.0890625
0 0.33828125 0.52890625 0.12734375 0.09609375