0 0.28125 0.409375 0.0703125 0.078125
0 0.22578125 0.53203125 0.05 0.10859375
2 0.29140625 0.68125 0.2 0.271875
0 0.4015625 0.603125 0.06328125 0.0734375
0 0.546875 0.56171875 0.06796875 0.07421875
0 0.62421875 0.628125 0.06015625 0.06484375
2 0.79140625 0.35625 0.1171875 0.11171875
0 0.83671875 0.46796875 0.0515625 0.046875
0 0.8484375 0.56875 0.0328125 0.046875
0 0.75546875 0.84453125 0.0703125 0.0671875
2 0.59921875 0.7625 0.1734375 0.1953125
2 0.61796875 0.3046875 0.3265625 0.48828125
0 0.240625 0.053125 0.05546875 0.09453125
0 0.384375 0.05390625 0.0296875 0.05
0 0.48828125 0.24921875 0.021875 0.04453125