7 0.24140625 0.384375 0.2890625 0.25859375
7 0.6484375 0.36953125 0.2125 0.13828125
7 0.59375 0.49375 0.09296875 0.10703125
7 0.56796875 0.56015625 0.11328125 0.08125
7 0.7046875 0.578125 0.09296875 0.08984375
7 0.4859375 0.74921875 0.08203125 0.08125
7 0.15859375 0.79296875 0.1625 0.1296875
7 0.5625 0.84453125 0.08828125 0.0953125
7 0.85234375 0.809375 0.20859375 0.17421875
7 0.65078125 0.9125 0.17578125 0.175
7 0.92890625 0.95234375 0.1421875 0.0953125
7 0.58984375 0.0828125 0.16328125 0.1546875
7 0.871875 0.034375 0.1 0.06875