11 0.3 0.484375 0.23359375 0.3265625
11 0.6671875 0.6671875 0.34375 0.3546875
11 0.45078125 0.3890625 0.09375 0.17890625
11 0.72109375 0.10625 0.090625 0.19765625
11 0.93515625 0.309375 0.121875 0.15703125
11 0.84375 0.21171875 0.2015625 0.20234375
11 0.17421875 0.06875 0.0765625 0.13125
11 0.1015625 0.53203125 0.08828125 0.15078125
11 0.4546875 0.6875 0.065625 0.11015625
10 0.2734375 0.903125 0.07890625 0.1859375
11 0.7515625 0.4484375 0.10234375 0.09140625
10 0.5796875 0.94609375 0.1625 0.103125