11 0.303125 0.49609375 0.3421875 0.45078125
11 0.69140625 0.48203125 0.246875 0.43125
0 0.90703125 0.5375 0.0796875 0.09453125
0 0.5265625 0.7203125 0.071875 0.11796875
0 0.36796875 0.70859375 0.06640625 0.0828125
0 0.24140625 0.8125 0.053125 0.06953125
0 0.02734375 0.78125 0.0546875 0.09921875
0 0.0328125 0.3828125 0.065625 0.13359375
0 0.04375 0.515625 0.0640625 0.0625
0 0.22734375 0.51015625 0.0734375 0.13984375
0 0.159375 0.29765625 0.09140625 0.125
0 0.6296875 0.34453125 0.06328125 0.1078125
0 0.42890625 0.38359375 0.0640625 0.103125