11 0.6546875 0.18671875 0.34375 0.3015625
11 0.32421875 0.6109375 0.3796875 0.21328125
11 0.53828125 0.84375 0.20078125 0.20234375
0 0.54765625 0.38125 0.26171875 0.17578125
0 0.64140625 0.30859375 0.1046875 0.0671875
0 0.915625 0.34921875 0.16484375 0.14375
0 0.9390625 0.1859375 0.11796875 0.17421875
0 0.74921875 0.3375 0.12578125 0.11015625
0 0.83515625 0.45078125 0.321875 0.084375
0 0.121875 0.9109375 0.1046875 0.04765625
0 0.2625 0.83984375 0.06796875 0.07265625
0 0.36953125 0.7875 0.0640625 0.04375
0 0.5046875 0.57890625 0.08359375 0.0828125
0 0.1046875 0.95859375 0.0625 0.04765625
0 0.9203125 0.8265625 0.15078125 0.0859375
0 0.83984375 0.58984375 0.11015625 0.084375