3 0.534375 0.47734375 0.69765625 0.7359375
0 0.96875 0.09140625 0.0578125 0.15078125
0 0.86953125 0.3546875 0.14765625 0.11015625
3 0.94765625 0.71875 0.096875 0.1265625
0 0.3109375 0.9125 0.15078125 0.13828125
0 0.046875 0.9515625 0.08984375 0.09140625
0 0.2 0.3953125 0.07734375 0.09296875
0 0.2140625 0.03203125 0.0765625 0.0609375
0 0.51484375 0.87265625 0.07734375 0.090625
0 0.31875 0.090625 0.04453125 0.07109375
0 0.41640625 0.0265625 0.06953125 0.046875
0 0.8609375 0.115625 0.04453125 0.0859375
0 0.90703125 0.86328125 0.08046875 0.10625
0 0.77109375 0.81171875 0.03671875 0.04921875
0 0.83125 0.82734375 0.0265625 0.046875