8 0.121875 0.6875 0.18046875 0.2421875
8 0.09140625 0.234375 0.1515625 0.19765625
8 0.46015625 0.1921875 0.146875 0.1859375
8 0.85859375 0.33984375 0.278125 0.31953125
10 0.77890625 0.56953125 0.171875 0.275
8 0.60390625 0.4734375 0.13828125 0.14765625
8 0.43515625 0.41953125 0.121875 0.1453125
10 0.7671875 0.12421875 0.0578125 0.11171875
8 0.4234375 0.64921875 0.0796875 0.103125
8 0.54765625 0.6125 0.1234375 0.128125
8 0.496875 0.85390625 0.09296875 0.11796875
8 0.33359375 0.45078125 0.04375 0.0671875
8 0.31875 0.85234375 0.053125 0.07265625