11 0.55859375 0.45078125 0.4796875 0.6
0 0.5734375 0.8328125 0.04765625 0.0625
0 0.45078125 0.8578125 0.05 0.05546875
0 0.46875 0.9453125 0.05234375 0.0609375
0 0.26015625 0.64296875 0.0625 0.13671875
0 0.19375 0.66796875 0.07890625 0.13828125
0 0.24296875 0.46640625 0.040625 0.0640625
0 0.30546875 0.503125 0.03828125 0.0640625
0 0.2765625 0.4015625 0.03515625 0.0578125
0 0.121875 0.14140625 0.07734375 0.07109375
0 0.1796875 0.75390625 0.04140625 0.0453125
0 0.24296875 0.7453125 0.04140625 0.05078125
0 0.35703125 0.728125 0.09296875 0.11015625
0 0.3859375 0.8859375 0.0609375 0.146875
0 0.35078125 0.91953125 0.03515625 0.05390625
0 0.31875 0.89296875 0.03359375 0.05546875
0 0.3125 0.93359375 0.04140625 0.04921875
0 0.23203125 0.91171875 0.05 0.05234375
0 0.2515625 0.834375 0.0421875 0.05546875
0 0.496875 0.84296875 0.03046875 0.05234375
0 0.434375 0.7234375 0.03203125 0.05078125
0 0.37734375 0.2859375 0.06953125 0.0625
0 0.12734375 0.74609375 0.03671875 0.040625
0 0.19296875 0.496875 0.028125 0.03203125
0 0.578125 0.68984375 0.0421875 0.05625
0 0.515625 0.75703125 0.0359375 0.0421875
0 0.42265625 0.92734375 0.025 0.0390625
0 0.28125 0.92734375 0.0265625 0.0375
0 0.32578125 0.79921875 0.06328125 0.0875
0 0.22109375 0.7921875 0.025 0.040625
0 0.58828125 0.18515625 0.04453125 0.06875
0 0.62734375 0.71484375 0.03203125 0.059375