7 0.39609375 0.265625 0.22734375 0.16953125
7 0.58046875 0.39453125 0.2671875 0.1953125
7 0.37890625 0.37421875 0.15546875 0.10234375
7 0.434375 0.60859375 0.08828125 0.07734375
7 0.321875 0.68125 0.10390625 0.06328125
7 0.421875 0.79296875 0.26171875 0.1875
7 0.61015625 0.16796875 0.03671875 0.02421875
7 0.76875 0.18046875 0.10625 0.0734375
7 0.93984375 0.1921875 0.11015625 0.09765625
7 0.9265625 0.3546875 0.146875 0.19765625
7 0.88828125 0.509375 0.0796875 0.053125
7 0.45234375 0.10078125 0.05234375 0.0296875