11 0.575 0.621875 0.40859375 0.278125
0 0.29765625 0.265625 0.11796875 0.06953125
0 0.45078125 0.27578125 0.07578125 0.06953125
0 0.265625 0.5671875 0.09296875 0.084375
0 0.3578125 0.61796875 0.11796875 0.0640625
0 0.1078125 0.57734375 0.2109375 0.09609375
0 0.18828125 0.63984375 0.128125 0.05546875
0 0.06015625 0.72265625 0.1203125 0.0875
0 0.171875 0.32421875 0.0796875 0.08125
0 0.22734375 0.42578125 0.09453125 0.078125
0 0.4375 0.484375 0.14140625 0.05390625
0 0.628125 0.35625 0.096875 0.05546875
0 0.44296875 0.4109375 0.1453125 0.0625
0 0.68515625 0.59765625 0.08359375 0.0640625
0 0.71796875 0.55703125 0.07578125 0.046875
0 0.84375 0.53671875 0.2109375 0.08828125
0 0.84765625 0.440625 0.14921875 0.09296875
0 0.94921875 0.409375 0.09296875 0.06796875
0 0.06953125 0.94453125 0.1359375 0.1078125
0 0.03359375 0.83515625 0.0640625 0.065625
0 0.59296875 0.82265625 0.07734375 0.07578125
0 0.83125 0.88359375 0.096875 0.0609375
0 0.965625 0.8796875 0.0625 0.07578125
0 0.940625 0.7921875 0.11015625 0.08984375
0 0.8515625 0.8265625 0.0875 0.0625
0 0.88359375 0.684375 0.08125 0.0578125
0 0.8109375 0.740625 0.071875 0.059375
0 0.2234375 0.90078125 0.06796875 0.05546875