6 0.4328125 0.53359375 0.16875 0.13203125
8 0.23828125 0.59921875 0.09296875 0.06796875
10 0.6484375 0.48828125 0.096875 0.0953125
10 0.69453125 0.71875 0.1703125 0.13046875
10 0.76640625 0.19453125 0.16953125 0.0984375
8 0.3625 0.2328125 0.05390625 0.0515625
10 0.4078125 0.21953125 0.12578125 0.059375
8 0.04609375 0.58671875 0.090625 0.05390625
10 0.903125 0.646875 0.18203125 0.1171875
8 0.73828125 0.8390625 0.059375 0.05
10 0.1515625 0.31796875 0.075 0.040625
10 0.0421875 0.2421875 0.07890625 0.0609375