7 0.30859375 0.1859375 0.36171875 0.190625
7 0.5328125 0.15390625 0.04921875 0.04765625
7 0.92421875 0.06484375 0.04609375 0.04609375
7 0.8515625 0.23828125 0.040625 0.034375
7 0.6671875 0.3953125 0.084375 0.05390625
7 0.3796875 0.578125 0.053125 0.0375
7 0.415625 0.7140625 0.16015625 0.1796875
7 0.690625 0.82890625 0.04296875 0.034375
7 0.62734375 0.85703125 0.03671875 0.0296875
7 0.1625 0.6125 0.0546875 0.03125
7 0.22109375 0.74296875 0.1765625 0.11328125
7 0.88359375 0.56875 0.23203125 0.15546875
7 0.76484375 0.7046875 0.28671875 0.31953125
7 0.3828125 0.46015625 0.1140625 0.07578125
7 0.51953125 0.83828125 0.146875 0.1046875
7 0.41796875 0.93671875 0.2296875 0.1265625
7 0.53828125 0.93203125 0.08671875 0.07421875
7 0.63359375 0.96328125 0.146875 0.0734375
7 0.7265625 0.9703125 0.07265625 0.0546875