11 0.46796875 0.4484375 0.54921875 0.43203125
0 0.05078125 0.371875 0.10078125 0.084375
0 0.08828125 0.6921875 0.11796875 0.07578125
0 0.2390625 0.86953125 0.11015625 0.09140625
0 0.2 0.48515625 0.0890625 0.0859375
0 0.31328125 0.7421875 0.090625 0.059375
0 0.82421875 0.91171875 0.15703125 0.06953125
0 0.78125 0.73125 0.11640625 0.09609375
0 0.4515625 0.9171875 0.11640625 0.0671875
8 0.05234375 0.9609375 0.09296875 0.040625
8 0.9 0.77109375 0.1453125 0.07109375
0 0.9078125 0.66875 0.1140625 0.078125
0 0.70078125 0.8109375 0.0796875 0.0609375