5 0.4143 0.3129 0.1322 0.1227
5 0.1779 0.3151 0.1368 0.1210
5 0.2504 0.3970 0.1176 0.1083
5 0.4548 0.4184 0.1048 0.0970
5 0.8436 0.2444 0.0396 0.0324
5 0.8157 0.2566 0.0357 0.0330
5 0.8742 0.2554 0.0339 0.0327
5 0.7871 0.2673 0.0268 0.0235
5 0.6974 0.4037 0.0925 0.0935
5 0.5678 0.4433 0.0832 0.0842
5 0.7173 0.4782 0.0775 0.0793
5 0.3291 0.4176 0.0321 0.0367
5 0.3538 0.4476 0.0321 0.0281
5 0.4364 0.4907 0.0335 0.0264
5 0.3756 0.4853 0.0344 0.0307
5 0.4016 0.5201 0.0317 0.0304
5 0.4681 0.5228 0.0176 0.0198
5 0.4544 0.5527 0.0176 0.0175
5 0.2732 0.5129 0.0744 0.0594
5 0.3859 0.5865 0.0189 0.0119
5 0.2869 0.5746 0.0700 0.0647
5 0.2312 0.6078 0.0572 0.0552
5 0.3179 0.6385 0.0326 0.0301
5 0.2816 0.6397 0.0445 0.0324
5 0.5614 0.7257 0.0449 0.0439
5 0.5594 0.7699 0.0436 0.0419
5 0.5552 0.8028 0.0370 0.0297
5 0.6189 0.7533 0.0445 0.0377
5 0.6285 0.7077 0.0445 0.0403
5 0.6587 0.7229 0.0440 0.0482
5 0.7038 0.7150 0.0436 0.0429
5 0.7415 0.7719 0.0414 0.0327
3 0.8685 0.8776 0.0770 0.0690
5 0.9178 0.2173 0.0286 0.0317
5 0.4593 0.9268 0.0326 0.0250
3 0.4709 0.8554 0.0314 0.0264
3 0.4089 0.9577 0.0253 0.0235
3 0.3783 0.9795 0.0291 0.0189
3 0.3810 0.9891 0.0375 0.0210
5 0.4558 0.9894 0.0295 0.0204
3 0.3670 0.9817 0.0272 0.0278
5 0.0473 0.8524 0.0313 0.0242
5 0.0772 0.8864 0.0340 0.0245
5 0.1305 0.9188 0.0280 0.0187
5 0.0539 0.9557 0.0320 0.0257
5 0.1114 0.9187 0.0203 0.0180
5 0.1154 0.9353 0.0223 0.0162
5 0.5931 0.8464 0.0360 0.0353
5 0.6231 0.8593 0.0325 0.0319
5 0.7547 0.8124 0.0314 0.0195
