3 0.3821 0.2138 0.2679 0.2051
3 0.6431 0.3651 0.2025 0.1470
3 0.4157 0.5214 0.1761 0.1367
5 0.5933 0.5345 0.1590 0.1192
5 0.4370 0.6527 0.1554 0.1219
5 0.5896 0.7186 0.1444 0.1116
3 0.3521 0.6539 0.0532 0.0752
3 0.2680 0.7215 0.1103 0.0853
3 0.3739 0.7751 0.1039 0.0844
3 0.3328 0.8303 0.0969 0.0799
5 0.2372 0.8239 0.0889 0.0707
5 0.2931 0.8999 0.0896 0.0739
5 0.5131 0.8238 0.1498 0.1224
5 0.4438 0.8288 0.0380 0.0794
5 0.5613 0.8745 0.0966 0.0744
3 0.0348 0.3076 0.0696 0.0684
5 0.0369 0.5308 0.0739 0.0577
5 0.0335 0.5961 0.0662 0.0494
5 0.0224 0.3892 0.0440 0.0658
5 0.0536 0.5508 0.0510 0.0328
3 0.0240 0.2422 0.0479 0.0554
