4 0.4123 0.3474 0.1444 0.1218
4 0.4804 0.3365 0.0722 0.0852
4 0.3331 0.3651 0.1013 0.0935
5 0.4923 0.4234 0.0972 0.0860
5 0.5459 0.4728 0.0844 0.0694
5 0.5238 0.5354 0.0937 0.0943
5 0.2903 0.4902 0.1182 0.1149
5 0.6761 0.5029 0.0908 0.0756
5 0.6289 0.5472 0.0408 0.0524
5 0.4172 0.5787 0.0996 0.1040
5 0.2635 0.5861 0.1101 0.0996
5 0.4574 0.6429 0.0798 0.0760
5 0.3016 0.6488 0.0873 0.0773
5 0.2815 0.6684 0.0611 0.0607
5 0.2321 0.7045 0.0681 0.0655
4 0.6394 0.6066 0.0757 0.0594
5 0.6641 0.6079 0.0320 0.0367
5 0.7037 0.5686 0.0740 0.0646
5 0.7078 0.6215 0.0623 0.0594
5 0.4489 0.7096 0.0643 0.0642
5 0.3998 0.7692 0.0481 0.0573
5 0.3772 0.7960 0.0395 0.0372
5 0.3952 0.8224 0.0420 0.0384
5 0.5793 0.6828 0.0476 0.0577
4 0.5694 0.7147 0.0430 0.0471
5 0.5555 0.7280 0.0405 0.0372
3 0.6198 0.7225 0.0810 0.0809
5 0.6223 0.7745 0.0517 0.0581
5 0.6213 0.8097 0.0354 0.0509
5 0.6395 0.8307 0.0587 0.0566
4 0.7223 0.6851 0.0663 0.0782
5 0.7200 0.7356 0.0719 0.0570
5 0.7168 0.7709 0.0673 0.0585
3 0.7606 0.6501 0.0517 0.0442
3 0.7943 0.6348 0.0402 0.0382
4 0.7914 0.6790 0.0283 0.0399
3 0.4062 0.6542 0.0291 0.0225
3 0.4064 0.6746 0.0274 0.0194
4 0.3876 0.6805 0.0217 0.0223
5 0.3753 0.6922 0.0186 0.0177
5 0.4031 0.6925 0.0225 0.0172
5 0.3839 0.6878 0.0195 0.0167
5 0.3760 0.7151 0.0199 0.0149
5 0.3970 0.7120 0.0125 0.0136
5 0.0226 0.0435 0.0365 0.0384
5 0.0402 0.0771 0.0336 0.0313
5 0.0392 0.0964 0.0298 0.0282
5 0.0431 0.1166 0.0278 0.0269
5 0.1010 0.0924 0.0290 0.0302
5 0.0942 0.1038 0.0229 0.0256
5 0.0557 0.1396 0.0206 0.0209
5 0.0994 0.1214 0.0229 0.0222
5 0.2018 0.4739 0.0330 0.0250
5 0.2254 0.5020 0.0281 0.0256
5 0.0413 0.3330 0.0310 0.0206
5 0.0388 0.3595 0.0266 0.0193
5 0.0423 0.3790 0.0179 0.0124
