3 0.0788 0.5139 0.1545 0.1392
3 0.0570 0.6079 0.1110 0.0757
3 0.5233 0.1194 0.1630 0.1176
3 0.4472 0.1826 0.1398 0.1089
3 0.4518 0.2696 0.1351 0.0687
5 0.1518 0.7049 0.1250 0.1031
5 0.4464 0.3191 0.1429 0.1048
5 0.3187 0.6566 0.1359 0.1042
5 0.2290 0.8216 0.1491 0.1060
5 0.3699 0.7969 0.1436 0.1124
5 0.4157 0.6897 0.1545 0.1124
5 0.3897 0.5640 0.1273 0.1089
5 0.4441 0.4035 0.1273 0.0885
5 0.4060 0.4760 0.1413 0.0926
4 0.5633 0.3835 0.1234 0.1007
5 0.5800 0.4862 0.1444 0.0967
5 0.5978 0.5803 0.1646 0.1217
5 0.5256 0.7253 0.1615 0.1205
5 0.5714 0.1773 0.0668 0.0402
5 0.5768 0.1971 0.0730 0.0344
5 0.6265 0.1555 0.0637 0.0699
5 0.6887 0.1066 0.0839 0.0862
5 0.6739 0.0282 0.0869 0.0565
5 0.8684 0.1211 0.0753 0.0664
5 0.8096 0.1694 0.0847 0.0762
5 0.8063 0.2081 0.0740 0.0364
3 0.6113 0.8628 0.0689 0.0540
3 0.6253 0.8400 0.0776 0.0498
3 0.6569 0.7905 0.0684 0.0570
3 0.7812 0.5893 0.0444 0.0498
3 0.7052 0.5691 0.0567 0.0448
4 0.6580 0.8980 0.0786 0.0647
4 0.6393 0.9536 0.0842 0.0647
4 0.5382 0.8573 0.0659 0.0544
5 0.5661 0.9132 0.0735 0.0590
5 0.5745 0.9794 0.0955 0.0398
5 0.4966 0.9472 0.0592 0.0528
5 0.2394 0.7494 0.1087 0.0506
