5 0.2684 0.7940 0.1106 0.0900
4 0.3415 0.6031 0.1310 0.1005
3 0.2434 0.5474 0.1328 0.1070
4 0.2056 0.5215 0.0874 0.0725
4 0.6956 0.5243 0.1462 0.0991
4 0.5680 0.4736 0.1066 0.0887
5 0.8272 0.5905 0.1450 0.0987
5 0.5529 0.5623 0.1066 0.0817
5 0.4938 0.5470 0.0699 0.0642
5 0.5605 0.6007 0.0821 0.0363
5 0.4822 0.4736 0.0827 0.0677
4 0.6114 0.4370 0.1106 0.0817
4 0.5142 0.3787 0.1060 0.0830
3 0.5302 0.3016 0.1031 0.0755
3 0.6338 0.3433 0.1252 0.0978
4 0.6994 0.3127 0.0745 0.0734
4 0.7864 0.2856 0.1462 0.0970
4 0.7995 0.3424 0.0874 0.0533
