5 0.5312 0.0506 0.0570 0.0484
5 0.9745 0.1534 0.0511 0.0947
5 0.9750 0.3404 0.0499 0.0669
5 0.9075 0.3089 0.0981 0.0683
5 0.9539 0.2954 0.0734 0.0546
5 0.8767 0.1898 0.0540 0.0396
5 0.8594 0.2360 0.0981 0.0713
5 0.8133 0.2129 0.0798 0.0638
5 0.9369 0.2457 0.0851 0.0590
5 0.8688 0.2904 0.0722 0.0542
5 0.7531 0.2818 0.0699 0.0520
5 0.8204 0.3373 0.0610 0.0467
5 0.7103 0.3443 0.0522 0.0414
5 0.7250 0.3996 0.0217 0.0172
5 0.7047 0.3809 0.0188 0.0159
5 0.8022 0.4060 0.0587 0.0476
5 0.9416 0.3870 0.0839 0.0599
5 0.9789 0.4465 0.0411 0.0475
5 0.9145 0.4383 0.0226 0.0163
5 0.8198 0.4481 0.0293 0.0200
5 0.8819 0.6797 0.1003 0.0743
5 0.5260 0.4168 0.1036 0.0892
5 0.5702 0.5770 0.1297 0.0957
5 0.5002 0.5389 0.0633 0.0486
5 0.4106 0.4464 0.1332 0.0988
5 0.3504 0.3984 0.0311 0.0203
4 0.3486 0.4815 0.0511 0.0448
5 0.3131 0.4313 0.0434 0.0287
5 0.3644 0.5255 0.0745 0.0494
4 0.3810 0.5904 0.0924 0.0689
4 0.3374 0.5653 0.0817 0.0639
5 0.3200 0.6080 0.0653 0.0521
4 0.2753 0.6578 0.0730 0.0574
4 0.2324 0.5979 0.0699 0.0517
3 0.1597 0.5364 0.0592 0.0352
5 0.2291 0.6459 0.0572 0.0452
5 0.3522 0.6867 0.0807 0.0655
5 0.3200 0.7089 0.0694 0.0540
5 0.3555 0.7726 0.0638 0.0482
5 0.2963 0.7704 0.0526 0.0429
5 0.2590 0.7841 0.0464 0.0329
5 0.4627 0.6281 0.0618 0.0501
5 0.5097 0.6649 0.0434 0.0310
5 0.4180 0.6750 0.0684 0.0467
5 0.4313 0.7041 0.0602 0.0482
5 0.6982 0.1286 0.0459 0.0344
5 0.4091 0.5525 0.0669 0.0498
