5 0.9649 0.0530 0.0402 0.0336
5 0.9205 0.0305 0.0494 0.0397
5 0.8801 0.1171 0.0382 0.0316
5 0.8141 0.0567 0.0506 0.0295
5 0.8147 0.0787 0.0533 0.0428
5 0.8037 0.0245 0.0621 0.0484
5 0.7501 0.0177 0.0560 0.0347
5 0.7049 0.0252 0.0598 0.0492
5 0.7410 0.1600 0.0394 0.0304
5 0.6945 0.1893 0.0220 0.0185
5 0.6509 0.0243 0.0490 0.0428
5 0.6568 0.0605 0.0525 0.0463
5 0.6497 0.1322 0.0228 0.0194
5 0.6261 0.1362 0.0189 0.0136
5 0.5935 0.0858 0.0309 0.0310
5 0.6458 0.1899 0.0166 0.0133
4 0.1788 0.3115 0.0807 0.0573
5 0.3525 0.3271 0.0336 0.0249
5 0.4399 0.3881 0.0293 0.0206
5 0.4071 0.4172 0.0602 0.0463
5 0.3691 0.4185 0.0328 0.0310
4 0.3090 0.3775 0.0741 0.0527
5 0.1957 0.4435 0.0568 0.0388
5 0.1216 0.4984 0.0537 0.0391
5 0.2731 0.4606 0.0664 0.0463
5 0.4171 0.5052 0.0633 0.0469
5 0.3590 0.5003 0.0537 0.0429
4 0.5812 0.4848 0.0957 0.0686
5 0.6462 0.5491 0.0382 0.0304
5 0.6155 0.5850 0.0471 0.0373
5 0.5426 0.5437 0.0425 0.0301
5 0.5430 0.5932 0.0564 0.0469
5 0.5020 0.5689 0.0455 0.0417
5 0.4521 0.5677 0.0699 0.0463
5 0.4673 0.6032 0.0787 0.0565
5 0.3739 0.5483 0.0718 0.0515
5 0.2511 0.5066 0.0556 0.0399
5 0.2328 0.5370 0.0436 0.0318
5 0.2920 0.5537 0.0463 0.0281
5 0.2390 0.5598 0.0498 0.0368
5 0.5503 0.6931 0.0633 0.0481
5 0.4422 0.6809 0.0517 0.0411
5 0.4652 0.7315 0.0359 0.0287
5 0.4011 0.6518 0.0799 0.0599
5 0.3341 0.5893 0.0401 0.0206
5 0.3254 0.6103 0.0652 0.0452
5 0.2594 0.6181 0.0529 0.0394
4 0.2365 0.6012 0.0564 0.0391
5 0.2108 0.5777 0.0521 0.0449
5 0.1392 0.5805 0.0409 0.0226
5 0.1620 0.5949 0.0540 0.0342
5 0.1587 0.6248 0.0568 0.0423
5 0.1125 0.6009 0.0479 0.0391
5 0.1131 0.6308 0.0452 0.0313
5 0.1797 0.6625 0.0486 0.0356
5 0.0676 0.6362 0.0506 0.0374
5 0.0840 0.6568 0.0432 0.0281
5 0.0952 0.6835 0.0332 0.0214
5 0.0566 0.6883 0.0509 0.0339
4 0.0139 0.6969 0.0274 0.0388
5 0.1043 0.7231 0.0228 0.0177
5 0.1992 0.6942 0.0290 0.0243
5 0.1168 0.7474 0.0286 0.0211
5 0.1741 0.7205 0.0367 0.0263
5 0.1461 0.7603 0.0286 0.0203
5 0.0720 0.7605 0.0386 0.0284
5 0.0238 0.7740 0.0463 0.0333
5 0.1678 0.7937 0.0154 0.0154
5 0.3142 0.6683 0.0429 0.0344
5 0.2801 0.6835 0.0456 0.0342
5 0.2712 0.7587 0.0409 0.0269
5 0.3716 0.7178 0.0594 0.0460
5 0.3752 0.7475 0.0452 0.0290
