5 0.9224 0.1793 0.0862 0.0581
5 0.9521 0.2673 0.0874 0.0629
5 0.9789 0.3225 0.0396 0.0555
3 0.2676 0.1915 0.0949 0.0852
4 0.3759 0.2380 0.1101 0.0908
5 0.2571 0.2741 0.1054 0.0817
5 0.2923 0.3415 0.0850 0.0655
5 0.2888 0.4033 0.0885 0.0625
5 0.3494 0.4520 0.0710 0.0550
5 0.2850 0.4675 0.0716 0.0485
5 0.3427 0.5001 0.0600 0.0445
5 0.3171 0.5149 0.0413 0.0306
5 0.9794 0.6064 0.0384 0.0301
3 0.1295 0.6309 0.0757 0.0532
4 0.0971 0.6735 0.0832 0.0617
3 0.4515 0.6768 0.0850 0.0611
3 0.5204 0.7214 0.0995 0.0809
5 0.5984 0.8082 0.0652 0.0551
5 0.6653 0.8084 0.0705 0.0509
4 0.6464 0.8399 0.0705 0.0532
3 0.5684 0.8459 0.0845 0.0723
