5 0.2632 0.8093 0.1010 0.0793
5 0.1805 0.7772 0.0923 0.0689
5 0.2977 0.7032 0.1190 0.0959
5 0.2065 0.6978 0.1025 0.0752
5 0.3592 0.6184 0.1247 0.0995
5 0.2411 0.6003 0.1150 0.0792
5 0.2811 0.5101 0.1221 0.0806
4 0.2622 0.4182 0.1261 0.0966
4 0.4120 0.4363 0.1123 0.0922
4 0.4950 0.4914 0.1114 0.0872
4 0.5084 0.2968 0.1247 0.1055
4 0.5823 0.3689 0.1207 0.0919
5 0.5694 0.5622 0.1039 0.0849
5 0.6631 0.4505 0.1128 0.0812
5 0.6553 0.6069 0.0999 0.0819
5 0.7119 0.5157 0.1065 0.0786
5 0.7550 0.5915 0.0959 0.0789
