4 0.6458 0.1424 0.2131 0.1808
5 0.5028 0.1917 0.1811 0.1502
5 0.6714 0.2682 0.1665 0.1214
5 0.6108 0.3555 0.0617 0.0480
5 0.6047 0.4317 0.1299 0.1018
3 0.4926 0.4413 0.1258 0.0991
5 0.3884 0.4627 0.1083 0.0852
5 0.5366 0.4859 0.0809 0.0467
5 0.6068 0.5274 0.0582 0.0494
5 0.4725 0.5485 0.0984 0.0830
5 0.3555 0.5199 0.0472 0.0310
5 0.3858 0.6062 0.1042 0.0742
5 0.4926 0.6370 0.0990 0.0817
5 0.4035 0.6527 0.1071 0.0799
5 0.4995 0.7686 0.0876 0.0722
5 0.4177 0.7349 0.1002 0.0797
3 0.3382 0.7381 0.0770 0.0718
3 0.3585 0.7871 0.0962 0.0573
4 0.3243 0.8175 0.0673 0.0566
4 0.3631 0.8383 0.0598 0.0520
3 0.4223 0.8490 0.0922 0.0786
4 0.3823 0.9078 0.0830 0.0710
3 0.9109 0.9724 0.0628 0.0482
3 0.7993 0.9756 0.0613 0.0463
