5 0.4231 0.2133 0.1951 0.1839
5 0.2949 0.2529 0.2615 0.2131
4 0.0398 0.4641 0.0795 0.0706
5 0.2620 0.4838 0.1879 0.1268
5 0.3927 0.5340 0.1261 0.0904
5 0.2851 0.5795 0.1580 0.1177
5 0.3793 0.6038 0.0618 0.0646
5 0.3061 0.6541 0.1200 0.0695
3 0.0344 0.7971 0.0658 0.0653
5 0.5565 0.5098 0.1570 0.1219
5 0.5534 0.6811 0.1580 0.1295
5 0.7226 0.8400 0.1630 0.1405
5 0.6826 0.9335 0.1104 0.0949
5 0.5691 0.8076 0.0466 0.0346
5 0.5023 0.8511 0.0243 0.0220
5 0.5496 0.9261 0.0268 0.0254
5 0.0437 0.8832 0.0591 0.0445
5 0.0556 0.9228 0.0492 0.0365
