3 0.6761 0.3350 0.1759 0.1660
4 0.6341 0.4420 0.1433 0.1284
3 0.5113 0.4667 0.1922 0.1751
3 0.5896 0.5479 0.1625 0.1306
4 0.4315 0.5898 0.1817 0.1568
5 0.5057 0.6575 0.1438 0.1349
5 0.3133 0.6638 0.1526 0.1564
5 0.4286 0.7518 0.1421 0.1253
3 0.8975 0.9195 0.0467 0.0540
3 0.9093 0.9343 0.0437 0.0411
3 0.8758 0.9560 0.0410 0.0471
3 0.9543 0.9672 0.0494 0.0287
5 0.0218 0.8903 0.0437 0.0824
5 0.0312 0.7870 0.0624 0.0795
3 0.0151 0.3996 0.0302 0.0313
3 0.0067 0.4129 0.0126 0.0230
3 0.1116 0.4630 0.0502 0.0365
4 0.1087 0.4840 0.0406 0.0284
4 0.0883 0.4922 0.0486 0.0339
4 0.0798 0.5099 0.0433 0.0261
5 0.0551 0.5327 0.0398 0.0287
5 0.0808 0.5279 0.0368 0.0204
5 0.0670 0.5502 0.0360 0.0224
3 0.1995 0.5216 0.0590 0.0474
3 0.1482 0.5258 0.0651 0.0511
3 0.1914 0.5562 0.0322 0.0419
3 0.1539 0.5575 0.0582 0.0405
4 0.1185 0.5759 0.0509 0.0480
4 0.1591 0.5839 0.0348 0.0290
5 0.1309 0.6027 0.0498 0.0368
5 0.9744 0.6453 0.0493 0.0390
3 0.9799 0.6005 0.0392 0.0604
4 0.3216 0.0960 0.0446 0.0427
5 0.1824 0.1005 0.0406 0.0422
5 0.1518 0.1634 0.0306 0.0242
5 0.3556 0.1462 0.0413 0.0402
5 0.1210 0.2102 0.0316 0.0325
5 0.2177 0.1774 0.0320 0.0432
5 0.2720 0.1611 0.0406 0.0335
5 0.1770 0.2146 0.0330 0.0257
5 0.1488 0.2220 0.0280 0.0290
5 0.2614 0.1896 0.0300 0.0422
5 0.3213 0.1886 0.0373 0.0397
5 0.3607 0.1863 0.0409 0.0375
5 0.1984 0.2004 0.0360 0.0287
5 0.3227 0.2158 0.0302 0.0306
5 0.5639 0.1482 0.0327 0.0362
5 0.5351 0.1770 0.0320 0.0327
4 0.6082 0.1605 0.0383 0.0355
5 0.5773 0.1761 0.0312 0.0319
5 0.6319 0.1307 0.0312 0.0321
5 0.5498 0.2013 0.0302 0.0298
5 0.5267 0.2078 0.0227 0.0232
5 0.2015 0.1777 0.0290 0.0419
5 0.7041 0.1638 0.0255 0.0250
3 0.0597 0.8145 0.0367 0.0279
3 0.0711 0.8350 0.0350 0.0285
4 0.0556 0.8397 0.0257 0.0266
