0 0.1980 0.8739 0.1817 0.1397
2 0.3770 0.3522 0.2137 0.1463
2 0.0784 0.2657 0.0431 0.0320
2 0.0306 0.2637 0.0559 0.0380
2 0.0561 0.3520 0.0559 0.0443
1 0.0203 0.3913 0.0379 0.0383
1 0.0619 0.3821 0.0374 0.0231
2 0.2880 0.4737 0.2149 0.1661
0 0.5293 0.5006 0.0484 0.0343
2 0.1510 0.4463 0.0793 0.0697
1 0.0973 0.4326 0.0527 0.0406
0 0.0722 0.4508 0.0593 0.0408
1 0.1048 0.5026 0.0492 0.0376
2 0.0633 0.4061 0.0194 0.0180
2 0.0067 0.2899 0.0133 0.0417
2 0.0611 0.5652 0.0614 0.0274
2 0.0550 0.5968 0.0851 0.0593
2 0.1531 0.6182 0.0492 0.0439
2 0.1718 0.6738 0.0483 0.0374
2 0.2653 0.5790 0.0750 0.0475
2 0.2571 0.6156 0.0764 0.0508
0 0.8344 0.6392 0.0735 0.0512
2 0.8171 0.6765 0.0767 0.0484
2 0.8949 0.6725 0.0770 0.0482
