3 0.3329 0.5861 0.0406 0.0272
3 0.3887 0.5683 0.0349 0.0239
4 0.2822 0.5678 0.0386 0.0264
5 0.3156 0.6146 0.0383 0.0259
5 0.2662 0.5914 0.0349 0.0242
5 0.2891 0.6386 0.0336 0.0254
5 0.2593 0.6484 0.0138 0.0098
5 0.2295 0.6197 0.0265 0.0189
5 0.4047 0.5883 0.0346 0.0232
4 0.4737 0.5355 0.0327 0.0223
4 0.4575 0.5286 0.0353 0.0247
5 0.4089 0.5305 0.0280 0.0199
5 0.4171 0.5474 0.0222 0.0173
4 0.4409 0.5525 0.0301 0.0254
5 0.4299 0.6181 0.0280 0.0190
5 0.4432 0.6300 0.0090 0.0057
5 0.4580 0.5575 0.0245 0.0212
5 0.4572 0.5771 0.0196 0.0149
5 0.4689 0.5952 0.0289 0.0232
5 0.4837 0.6224 0.0210 0.0144
4 0.5144 0.5097 0.0254 0.0164
5 0.5071 0.5598 0.0330 0.0232
5 0.5074 0.5807 0.0260 0.0191
5 0.4628 0.1401 0.0248 0.0188
5 0.4657 0.1182 0.0196 0.0158
5 0.5015 0.1528 0.0193 0.0197
5 0.4707 0.1635 0.0137 0.0131
5 0.5814 0.0857 0.0286 0.0313
5 0.5898 0.1446 0.0359 0.0274
5 0.6099 0.1010 0.0359 0.0278
5 0.6713 0.1178 0.0327 0.0254
5 0.6372 0.1205 0.0374 0.0278
5 0.5957 0.1848 0.0198 0.0166
5 0.6081 0.2085 0.0219 0.0177
5 0.6397 0.2090 0.0149 0.0103
5 0.6500 0.1917 0.0245 0.0186
5 0.6465 0.1584 0.0333 0.0256
3 0.6731 0.1630 0.0327 0.0274
5 0.6890 0.1561 0.0236 0.0175
5 0.6629 0.1910 0.0146 0.0151
5 0.6808 0.1796 0.0213 0.0164
5 0.6880 0.1946 0.0222 0.0179
4 0.7119 0.1840 0.0304 0.0230
4 0.6630 0.5036 0.0236 0.0177
5 0.6781 0.4217 0.0198 0.0147
3 0.8015 0.2755 0.0239 0.0164
3 0.7709 0.2585 0.0204 0.0140
4 0.8068 0.3038 0.0274 0.0190
4 0.7402 0.2480 0.0196 0.0156
4 0.8492 0.3038 0.0259 0.0202
5 0.8505 0.3270 0.0238 0.0152
5 0.8284 0.3407 0.0178 0.0164
5 0.8132 0.3238 0.0259 0.0190
5 0.8001 0.3151 0.0226 0.0150
5 0.7660 0.3059 0.0239 0.0171
5 0.7307 0.2669 0.0162 0.0122
4 0.7506 0.2856 0.0185 0.0150
5 0.7934 0.3384 0.0218 0.0154
5 0.7882 0.3551 0.0165 0.0124
5 0.7629 0.3249 0.0213 0.0150
5 0.7628 0.3440 0.0200 0.0133
4 0.7356 0.3882 0.0185 0.0129
4 0.7359 0.4039 0.0139 0.0123
5 0.7249 0.4032 0.0166 0.0119
5 0.7174 0.2771 0.0079 0.0055
3 0.7472 0.5995 0.0148 0.0108
3 0.7267 0.5928 0.0148 0.0103
