3 0.6578 0.1255 0.1259 0.1044
3 0.7879 0.2080 0.2021 0.1559
5 0.6671 0.3530 0.1356 0.0984
3 0.5990 0.4055 0.1951 0.1473
5 0.7961 0.4168 0.1981 0.1466
5 0.5429 0.5115 0.1259 0.1129
5 0.6488 0.5398 0.1845 0.1417
5 0.6552 0.6383 0.1444 0.0931
5 0.5321 0.6402 0.0726 0.0783
5 0.5867 0.6610 0.1229 0.1020
5 0.5354 0.6946 0.0898 0.0644
5 0.6710 0.6900 0.0784 0.0353
5 0.5764 0.7361 0.0793 0.0509
5 0.6878 0.7478 0.0792 0.0690
5 0.6299 0.7708 0.1079 0.0885
5 0.6424 0.8314 0.0696 0.0466
5 0.3401 0.8456 0.0462 0.0472
5 0.3040 0.8385 0.0683 0.0548
5 0.3236 0.7716 0.0801 0.0624
4 0.2387 0.6679 0.1224 0.0948
5 0.2908 0.6529 0.0559 0.0627
5 0.2886 0.7079 0.0859 0.0604
3 0.2417 0.5441 0.1383 0.0961
3 0.3054 0.5523 0.0885 0.0862
3 0.1893 0.4934 0.1286 0.0905
