5 0.9347 0.2949 0.0603 0.0414
5 0.8920 0.3228 0.0512 0.0399
5 0.8614 0.2825 0.0623 0.0422
5 0.7148 0.3382 0.0562 0.0377
5 0.7600 0.2651 0.0623 0.0437
3 0.8328 0.2147 0.0793 0.0557
3 0.8021 0.1593 0.0823 0.0595
3 0.6982 0.1732 0.0653 0.0572
5 0.3045 0.7856 0.0894 0.0708
5 0.3728 0.7322 0.0713 0.0527
5 0.6505 0.8489 0.0823 0.0678
5 0.6826 0.7589 0.0542 0.0399
5 0.5732 0.7476 0.0723 0.0655
4 0.4948 0.7397 0.1065 0.0828
3 0.2744 0.4305 0.1095 0.0791
3 0.2146 0.5054 0.1265 0.0919
3 0.4250 0.6715 0.0894 0.0701
3 0.4526 0.5627 0.0964 0.0618
3 0.4813 0.6128 0.1215 0.0972
3 0.3281 0.6146 0.1265 0.0934
