3 0.5389 0.3800 0.1275 0.1232
3 0.4370 0.4907 0.1473 0.1271
4 0.5046 0.4559 0.1101 0.0970
4 0.4854 0.5459 0.1136 0.0821
4 0.3770 0.5789 0.1357 0.1149
5 0.4239 0.6254 0.1095 0.0952
5 0.2871 0.6385 0.1200 0.1188
5 0.3683 0.6970 0.1066 0.0952
3 0.7016 0.8096 0.0330 0.0406
3 0.6860 0.8409 0.0335 0.0380
3 0.7472 0.8447 0.0379 0.0211
3 0.7122 0.8200 0.0330 0.0370
3 0.8022 0.8398 0.0352 0.0403
4 0.8078 0.8736 0.0357 0.0340
4 0.7780 0.8893 0.0352 0.0317
3 0.0181 0.5001 0.0361 0.0485
3 0.0198 0.5335 0.0396 0.0314
3 0.0495 0.4939 0.0630 0.0466
3 0.0458 0.5284 0.0282 0.0396
4 0.1422 0.0618 0.0476 0.0436
5 0.1246 0.0961 0.0475 0.0350
3 0.7732 0.5464 0.0511 0.0446
3 0.8249 0.4963 0.0559 0.0462
5 0.3853 0.1174 0.0308 0.0367
5 0.3573 0.1446 0.0321 0.0317
5 0.3985 0.1433 0.0299 0.0330
5 0.1882 0.1565 0.0401 0.0390
5 0.3727 0.1669 0.0286 0.0301
5 0.7599 0.5806 0.0361 0.0336
