2 0.2870 0.0446 0.0546 0.0795
1 0.3591 0.0599 0.0802 0.1199
2 0.3240 0.1132 0.0732 0.1128
2 0.3894 0.1540 0.0769 0.1003
0 0.2797 0.3136 0.1008 0.1170
0 0.1933 0.3231 0.0981 0.1328
1 0.2597 0.4040 0.0799 0.0930
2 0.1605 0.4882 0.0521 0.0621
2 0.1396 0.5492 0.0571 0.0645
0 0.1088 0.6633 0.0468 0.0517
2 0.2465 0.7860 0.0428 0.0480
2 0.4480 0.8187 0.0647 0.0839
1 0.4621 0.9050 0.0667 0.0893
0 0.6368 0.5943 0.0430 0.0520
2 0.6754 0.4429 0.0801 0.1051
0 0.6684 0.4629 0.0997 0.1383
1 0.5903 0.4330 0.0634 0.0994
1 0.6464 0.3865 0.0864 0.0843
