3 0.3491 0.4747 0.0961 0.0594
4 0.6318 0.3500 0.1060 0.0790
4 0.6828 0.3996 0.1194 0.0882
5 0.6146 0.4684 0.0972 0.0756
5 0.6359 0.4918 0.0652 0.0437
5 0.2114 0.4328 0.1060 0.0777
5 0.3590 0.5077 0.0914 0.0633
5 0.4650 0.5260 0.0972 0.0677
5 0.5841 0.5343 0.0885 0.0642
5 0.6123 0.5848 0.0344 0.0271
5 0.5139 0.5811 0.0716 0.0590
5 0.3648 0.5667 0.0751 0.0555
5 0.4458 0.6064 0.0821 0.0668
5 0.3663 0.6221 0.0745 0.0537
5 0.3258 0.5485 0.0483 0.0576
5 0.3374 0.6505 0.0786 0.0546
5 0.4038 0.6440 0.0611 0.0494
5 0.6318 0.4291 0.0839 0.0537
