5 0.5445 0.2784 0.1421 0.1131
5 0.8857 0.3247 0.1397 0.0904
5 0.6554 0.3837 0.1345 0.1114
5 0.3345 0.3786 0.1531 0.1135
5 0.7448 0.4691 0.1118 0.0873
5 0.4356 0.4367 0.1200 0.0961
5 0.3485 0.4769 0.1089 0.0830
5 0.8802 0.5077 0.0844 0.0598
5 0.3334 0.5287 0.0949 0.0546
5 0.7719 0.5280 0.0623 0.0393
5 0.7200 0.5245 0.0565 0.0402
5 0.7675 0.5553 0.0699 0.0380
5 0.2856 0.5673 0.0949 0.0777
4 0.3686 0.5878 0.1032 0.0649
5 0.4158 0.6160 0.1005 0.0784
4 0.3319 0.6648 0.1418 0.1016
5 0.2612 0.6622 0.0569 0.0704
5 0.3145 0.8325 0.1002 0.0754
5 0.3739 0.8248 0.0699 0.0689
3 0.3301 0.7702 0.0456 0.0537
5 0.5096 0.8095 0.0756 0.0609
5 0.4636 0.8707 0.0909 0.0774
5 0.4165 0.8673 0.0666 0.0697
