3 0.5806 0.0729 0.2504 0.1450
3 0.2419 0.2428 0.2452 0.1965
3 0.2775 0.5184 0.3115 0.2271
5 0.5203 0.6139 0.1926 0.1586
5 0.2935 0.7052 0.1836 0.1344
5 0.4630 0.7404 0.1554 0.1195
5 0.5000 0.8248 0.1334 0.1080
5 0.3536 0.8357 0.1620 0.1298
5 0.3851 0.9278 0.1158 0.0968
5 0.4954 0.9004 0.1110 0.0783
5 0.1004 0.9588 0.1198 0.0816
3 0.0487 0.9136 0.0955 0.1245
3 0.0749 0.7871 0.1488 0.1119
4 0.1206 0.8353 0.1330 0.0994
5 0.1629 0.8845 0.1074 0.0829
3 0.0194 0.6696 0.0379 0.0816
4 0.7701 0.6861 0.0784 0.0558
4 0.7168 0.7219 0.0907 0.0660
