5 0.1323 0.6074 0.0740 0.0498
5 0.1135 0.5458 0.0951 0.0639
5 0.2066 0.4755 0.0746 0.0581
4 0.1933 0.4005 0.0775 0.0630
4 0.2292 0.3124 0.0904 0.0718
5 0.0340 0.6431 0.0640 0.0524
5 0.1123 0.6426 0.0528 0.0409
5 0.0847 0.6138 0.0376 0.0431
5 0.0213 0.5764 0.0411 0.0396
5 0.2544 0.5427 0.0681 0.0550
5 0.3184 0.5297 0.0681 0.0520
5 0.3483 0.4260 0.0810 0.0568
5 0.2888 0.6059 0.0628 0.0396
5 0.4297 0.5156 0.0593 0.0572
5 0.4605 0.5057 0.0857 0.0647
5 0.5116 0.3518 0.0434 0.0326
5 0.2142 0.7860 0.0628 0.0511
5 0.2491 0.7353 0.0610 0.0449
5 0.0574 0.6768 0.0699 0.0449
5 0.2979 0.7001 0.0575 0.0431
5 0.3249 0.6651 0.0294 0.0207
5 0.4132 0.6211 0.0652 0.0471
5 0.4338 0.6613 0.0569 0.0449
5 0.4605 0.6748 0.0305 0.0242
5 0.5273 0.6065 0.0592 0.0383
4 0.3358 0.7487 0.0602 0.0502
4 0.3009 0.7493 0.0413 0.0490
5 0.2079 0.6333 0.0240 0.0168
5 0.2779 0.8196 0.0689 0.0524
5 0.1916 0.8485 0.0536 0.0406
5 0.2651 0.9333 0.0689 0.0555
5 0.2488 0.9013 0.0658 0.0513
5 0.3054 0.9589 0.0495 0.0440
5 0.3333 0.8682 0.0572 0.0509
4 0.3910 0.8536 0.0623 0.0525
5 0.3468 0.8354 0.0516 0.0375
5 0.4229 0.8081 0.0505 0.0402
5 0.4474 0.7623 0.0414 0.0375
5 0.3999 0.7774 0.0393 0.0387
5 0.3496 0.6886 0.0470 0.0417
5 0.4553 0.9283 0.0480 0.0425
5 0.4162 0.9721 0.0414 0.0337
3 0.5015 0.8818 0.0638 0.0582
5 0.5592 0.8935 0.0393 0.0302
5 0.3481 0.9080 0.0490 0.0448
5 0.3805 0.9203 0.0505 0.0425
5 0.1418 0.6831 0.0480 0.0337
5 0.2618 0.6875 0.0367 0.0295
5 0.5191 0.6802 0.0296 0.0218
5 0.6470 0.6306 0.0546 0.0436
5 0.6110 0.5364 0.0562 0.0429
5 0.7057 0.5138 0.0740 0.0521
5 0.7236 0.5969 0.0516 0.0413
5 0.7976 0.6404 0.0230 0.0218
5 0.7468 0.6877 0.0143 0.0123
5 0.9538 0.2787 0.0332 0.0237
5 0.9467 0.2182 0.0485 0.0306
5 0.8563 0.2973 0.0168 0.0157
5 0.8139 0.2389 0.0281 0.0199
5 0.8415 0.2370 0.0291 0.0222
5 0.8504 0.2071 0.0368 0.0260
5 0.8862 0.1811 0.0541 0.0398
5 0.9622 0.1392 0.0429 0.0295
5 0.9433 0.0140 0.0286 0.0226
5 0.9451 0.0867 0.0495 0.0417
5 0.9089 0.1003 0.0301 0.0291
5 0.8890 0.0582 0.0158 0.0115
5 0.8479 0.0458 0.0153 0.0149
5 0.1811 0.8018 0.0664 0.0436
5 0.3414 0.9440 0.0531 0.0402
