5 0.5788 0.0271 0.1793 0.0542
3 0.2606 0.1142 0.0914 0.0703
4 0.2303 0.1550 0.0984 0.0882
4 0.2603 0.2247 0.0862 0.0659
5 0.6289 0.1592 0.1479 0.1114
5 0.6813 0.2326 0.1922 0.1524
5 0.2184 0.2754 0.0955 0.0729
5 0.2553 0.3162 0.0809 0.0585
5 0.7631 0.3304 0.1334 0.1044
5 0.2108 0.3529 0.0897 0.0646
5 0.2580 0.3907 0.0804 0.0563
5 0.7459 0.4269 0.1759 0.1210
5 0.2367 0.4317 0.0763 0.0572
5 0.2769 0.4474 0.0623 0.0458
5 0.8927 0.5088 0.0326 0.0227
5 0.2766 0.4874 0.0571 0.0402
5 0.7684 0.5007 0.1220 0.0710
5 0.7643 0.5697 0.1018 0.0676
5 0.6886 0.6540 0.1185 0.0972
5 0.6641 0.6845 0.1129 0.0801
3 0.7854 0.6750 0.0830 0.0627
5 0.9028 0.6895 0.0608 0.0452
5 0.8423 0.7073 0.0582 0.0442
5 0.7862 0.7103 0.0571 0.0319
5 0.9482 0.6936 0.0387 0.0342
5 0.7012 0.7582 0.0670 0.0497
4 0.8322 0.7679 0.0693 0.0517
4 0.8548 0.7957 0.0685 0.0488
4 0.7954 0.8275 0.0379 0.0439
5 0.6773 0.8378 0.0628 0.0480
4 0.9030 0.8912 0.0486 0.0508
3 0.7707 0.9222 0.0858 0.0721
5 0.6710 0.8855 0.0532 0.0405
5 0.6928 0.9094 0.0670 0.0569
5 0.8240 0.9248 0.0421 0.0571
4 0.7156 0.9644 0.0743 0.0635
4 0.9798 0.8880 0.0391 0.0554
5 0.9721 0.9136 0.0551 0.0531
5 0.9361 0.9258 0.0352 0.0373
4 0.0570 0.9858 0.0712 0.0276
4 0.1501 0.9601 0.0743 0.0583
5 0.6790 0.6179 0.0995 0.0489
5 0.8318 0.6384 0.0364 0.0293
3 0.2864 0.6022 0.0325 0.0185
4 0.3008 0.5581 0.0290 0.0163
4 0.2355 0.5667 0.0269 0.0174
4 0.2569 0.5628 0.0263 0.0148
