3 0.3055 0.3842 0.0869 0.0947
4 0.2867 0.4621 0.1162 0.0815
5 0.3184 0.5273 0.0869 0.0744
4 0.4426 0.4920 0.0910 0.0867
5 0.4593 0.5737 0.0822 0.0784
5 0.3936 0.2828 0.0621 0.0503
5 0.3850 0.2627 0.0466 0.0360
5 0.4249 0.2975 0.0582 0.0549
5 0.4600 0.3158 0.0599 0.0543
5 0.4930 0.3499 0.0488 0.0433
5 0.4464 0.3597 0.0444 0.0403
5 0.4214 0.3519 0.0262 0.0246
5 0.3914 0.5703 0.0613 0.0453
5 0.4660 0.6244 0.0577 0.0416
5 0.5170 0.6273 0.0453 0.0439
5 0.4804 0.6617 0.0688 0.0529
5 0.5104 0.7085 0.0506 0.0459
5 0.4358 0.6685 0.0355 0.0459
