5 0.0891 0.0352 0.1380 0.0696
5 0.3111 0.1585 0.0922 0.0713
5 0.5195 0.0621 0.0358 0.0264
3 0.3422 0.5693 0.0679 0.0475
4 0.4377 0.6555 0.0658 0.0505
4 0.4405 0.6191 0.0633 0.0352
4 0.5227 0.5967 0.0490 0.0417
4 0.5508 0.6836 0.0878 0.0724
5 0.4857 0.5940 0.0332 0.0302
5 0.5173 0.6630 0.0669 0.0578
5 0.4933 0.6400 0.0505 0.0410
5 0.5896 0.7062 0.0664 0.0456
3 0.6751 0.3291 0.0556 0.0410
5 0.6707 0.2981 0.0470 0.0356
4 0.7065 0.4036 0.0848 0.0597
4 0.5944 0.4233 0.0740 0.0563
5 0.6516 0.4528 0.0618 0.0517
5 0.6955 0.4997 0.0628 0.0498
4 0.9244 0.0785 0.0858 0.0659
5 0.9650 0.1916 0.0679 0.0548
5 0.9158 0.1790 0.0572 0.0486
4 0.9857 0.1384 0.0276 0.0570
3 0.8982 0.3268 0.0495 0.0371
5 0.8545 0.3664 0.0470 0.0314
4 0.8195 0.3450 0.0434 0.0337
5 0.8070 0.2747 0.0470 0.0302
5 0.6672 0.1053 0.0357 0.0322
5 0.7795 0.1093 0.0490 0.0341
5 0.6725 0.1970 0.0322 0.0287
5 0.8836 0.3503 0.0408 0.0268
5 0.1000 0.1524 0.0405 0.0304
5 0.1588 0.1737 0.0419 0.0273
3 0.0172 0.8327 0.0337 0.0413
4 0.0409 0.9550 0.0590 0.0469
5 0.0427 0.8002 0.0466 0.0356
