2 0.6079 0.0218 0.0675 0.0437
2 0.5162 0.0867 0.1904 0.1725
2 0.5605 0.1871 0.1543 0.1463
2 0.4749 0.2463 0.1357 0.1127
2 0.0625 0.3277 0.0937 0.0676
2 0.1109 0.3471 0.0962 0.0722
2 0.0332 0.4403 0.0653 0.0573
2 0.0114 0.4774 0.0228 0.0296
2 0.1651 0.0321 0.0851 0.0627
2 0.4218 0.4046 0.0486 0.0421
2 0.4091 0.4331 0.0446 0.0285
1 0.1767 0.4876 0.0911 0.0608
2 0.2266 0.4998 0.0674 0.0524
2 0.6912 0.5157 0.1539 0.1018
2 0.5433 0.5345 0.1661 0.1189
2 0.6451 0.6260 0.1630 0.1151
2 0.5704 0.8376 0.1727 0.1470
2 0.4441 0.8061 0.1357 0.1143
2 0.4737 0.9156 0.1413 0.1177
0 0.3500 0.9192 0.0837 0.0717
2 0.0097 0.7055 0.0194 0.0327
1 0.6798 0.4316 0.0784 0.0541
