5 0.3922 0.1640 0.1601 0.1271
5 0.7305 0.2452 0.1706 0.1262
5 0.6996 0.3245 0.1112 0.0734
5 0.3270 0.2758 0.1357 0.1079
5 0.6644 0.4024 0.1328 0.1009
5 0.5162 0.3642 0.1427 0.1092
5 0.3383 0.3721 0.1432 0.1153
3 0.9454 0.4396 0.0984 0.0686
3 0.9483 0.4826 0.0821 0.0332
5 0.6330 0.4531 0.1013 0.0633
5 0.3695 0.4433 0.1100 0.0716
3 0.2271 0.4361 0.1817 0.1341
5 0.3910 0.5269 0.1252 0.0991
4 0.2355 0.5448 0.1578 0.1053
5 0.5494 0.5359 0.1124 0.0882
5 0.9361 0.5610 0.0798 0.0546
5 0.5573 0.6151 0.0699 0.0738
5 0.4763 0.6125 0.1234 0.0930
5 0.9294 0.6005 0.0745 0.0428
5 0.9448 0.6376 0.0681 0.0437
5 0.9765 0.6837 0.0454 0.0371
5 0.9573 0.6894 0.0408 0.0310
5 0.4129 0.6763 0.0221 0.0214
5 0.4778 0.7007 0.0541 0.0432
5 0.2213 0.7012 0.1351 0.1009
5 0.2507 0.7501 0.0879 0.0598
5 0.2891 0.7907 0.1066 0.0764
5 0.3171 0.8106 0.0844 0.0664
5 0.2722 0.8405 0.0542 0.0398
