3 0.5139 0.1836 0.2265 0.1830
3 0.7567 0.2527 0.1893 0.1489
3 0.5284 0.4651 0.2137 0.1607
4 0.7328 0.5330 0.1601 0.1166
4 0.5130 0.6060 0.1619 0.1201
3 0.2452 0.7014 0.1409 0.1083
5 0.5366 0.7165 0.1380 0.1053
5 0.7756 0.9189 0.1421 0.1354
5 0.7427 0.9859 0.1007 0.0275
4 0.3965 0.7494 0.1106 0.0873
5 0.4079 0.8169 0.0775 0.0555
5 0.3398 0.8645 0.1159 0.0956
4 0.2958 0.7896 0.1269 0.1013
4 0.1642 0.4996 0.0722 0.0489
5 0.2325 0.5842 0.0423 0.0390
5 0.1948 0.6023 0.0418 0.0344
5 0.0856 0.4575 0.0550 0.0419
5 0.1002 0.4963 0.0498 0.0324
5 0.0676 0.5117 0.0480 0.0367
3 0.0988 0.5398 0.0542 0.0340
5 0.0454 0.5413 0.0493 0.0330
3 0.0605 0.4143 0.0594 0.0446
4 0.1094 0.4352 0.0550 0.0370
3 0.1334 0.7528 0.0410 0.0307
