4 0.8831 0.4332 0.2337 0.1654
5 0.8397 0.6397 0.2259 0.1520
5 0.7566 0.7780 0.1700 0.1421
3 0.6813 0.3348 0.1809 0.1316
3 0.6188 0.4431 0.1662 0.1141
5 0.6172 0.5450 0.1739 0.1304
5 0.5726 0.6784 0.1638 0.1165
5 0.5408 0.5541 0.1033 0.1101
5 0.5175 0.6446 0.1095 0.0967
5 0.4363 0.6860 0.0994 0.0699
5 0.3859 0.6315 0.1211 0.0809
3 0.4212 0.4711 0.1266 0.0850
5 0.4565 0.3992 0.1258 0.1019
5 0.3932 0.5165 0.1297 0.0920
5 0.2849 0.5241 0.1134 0.0897
5 0.2077 0.5654 0.1110 0.0769
4 0.2092 0.3724 0.1266 0.0996
5 0.1479 0.4417 0.1079 0.0821
5 0.1351 0.5276 0.1056 0.0629
