3 0.4534 0.4005 0.1033 0.0903
3 0.2949 0.3707 0.0986 0.0731
4 0.1989 0.3282 0.1051 0.0779
4 0.2550 0.4945 0.1010 0.0740
5 0.4226 0.3379 0.0851 0.0445
5 0.3119 0.4399 0.0634 0.0476
5 0.3695 0.5108 0.0939 0.0784
5 0.2984 0.5519 0.0716 0.0550
4 0.5435 0.2734 0.1204 0.1004
4 0.6874 0.3597 0.1145 0.0810
4 0.7150 0.2677 0.1098 0.0599
5 0.7373 0.2105 0.0769 0.0643
5 0.6927 0.4126 0.0792 0.0449
5 0.7273 0.4385 0.0499 0.0396
5 0.5829 0.3868 0.0840 0.0639
5 0.5747 0.4729 0.1286 0.0977
5 0.3680 0.3205 0.0757 0.0511
5 0.4843 0.5081 0.0898 0.0643
5 0.4951 0.5871 0.0834 0.0568
5 0.8339 0.3998 0.0657 0.0458
5 0.3536 0.5984 0.0810 0.0282
5 0.4728 0.6464 0.0951 0.0696
5 0.5283 0.7129 0.0581 0.0475
5 0.3833 0.7305 0.0546 0.0467
5 0.3064 0.7325 0.0922 0.0832
5 0.2943 0.7956 0.0611 0.0564
5 0.4769 0.8639 0.0928 0.0854
5 0.7214 0.7516 0.0605 0.0449
5 0.7493 0.8331 0.0881 0.0766
5 0.8186 0.6805 0.1033 0.0806
