5 0.2108 0.1957 0.1223 0.0812
5 0.3508 0.1544 0.1170 0.1009
5 0.7209 0.0740 0.1200 0.0991
5 0.6295 0.1304 0.1491 0.0939
5 0.8059 0.1773 0.1805 0.1433
3 0.6295 0.2789 0.2877 0.2258
4 0.4629 0.2854 0.1304 0.1437
5 0.3692 0.3219 0.1118 0.0533
5 0.2888 0.2644 0.0582 0.0878
5 0.3741 0.3708 0.1392 0.0917
3 0.3305 0.4586 0.1695 0.1328
3 0.4300 0.5402 0.1939 0.1502
5 0.5063 0.6603 0.1893 0.1537
5 0.4661 0.7066 0.1543 0.1136
5 0.5372 0.8342 0.1776 0.1476
4 0.8461 0.8433 0.0606 0.0524
4 0.8988 0.8702 0.0681 0.0520
3 0.8866 0.9167 0.0728 0.0611
4 0.9410 0.8374 0.0629 0.0459
4 0.9500 0.8905 0.0518 0.0446
3 0.9107 0.9770 0.0699 0.0454
5 0.8525 0.9067 0.0384 0.0577
5 0.8528 0.9316 0.0612 0.0445
