5 0.0565 0.0347 0.0804 0.0633
3 0.6146 0.3131 0.1089 0.0795
5 0.4900 0.3583 0.1229 0.0922
4 0.4428 0.4029 0.0996 0.0712
3 0.3596 0.4476 0.0961 0.0533
4 0.3535 0.3961 0.0955 0.0664
4 0.5020 0.4204 0.0815 0.0537
4 0.5838 0.4320 0.0938 0.0726
5 0.6479 0.4090 0.0856 0.0410
5 0.6990 0.4546 0.0602 0.0509
5 0.6418 0.4872 0.0967 0.0630
5 0.5332 0.4681 0.0759 0.0543
5 0.6950 0.5047 0.0633 0.0456
5 0.5760 0.5074 0.0663 0.0380
5 0.6150 0.5395 0.0623 0.0558
5 0.5729 0.5569 0.0998 0.0695
5 0.6003 0.6183 0.0775 0.0638
3 0.5041 0.9849 0.1008 0.0292
5 0.4562 0.4625 0.0784 0.0519
5 0.2404 0.4640 0.1092 0.0707
5 0.3626 0.5081 0.0903 0.0598
5 0.3659 0.5475 0.0872 0.0509
5 0.4357 0.5825 0.0753 0.0542
5 0.3817 0.6341 0.0449 0.0343
5 0.3633 0.6042 0.0819 0.0571
5 0.3131 0.5797 0.0810 0.0565
5 0.2162 0.5946 0.0634 0.0287
5 0.0718 0.6727 0.0757 0.0548
5 0.2067 0.5588 0.0982 0.0647
5 0.1821 0.5063 0.0325 0.0293
4 0.1196 0.4854 0.0417 0.0313
5 0.0718 0.4615 0.0348 0.0281
5 0.0316 0.4569 0.0402 0.0293
5 0.0883 0.4295 0.0402 0.0273
5 0.1018 0.3891 0.0429 0.0322
5 0.0471 0.3858 0.0436 0.0324
4 0.0620 0.3302 0.0513 0.0327
5 0.0155 0.3479 0.0310 0.0290
5 0.1424 0.3426 0.0337 0.0241
5 0.1005 0.3290 0.0330 0.0239
5 0.1109 0.2684 0.0347 0.0252
5 0.0754 0.2805 0.0316 0.0222
5 0.0965 0.3043 0.0316 0.0219
3 0.0695 0.2674 0.0330 0.0232
5 0.1070 0.3539 0.0321 0.0239
5 0.0135 0.3750 0.0269 0.0447
5 0.4592 0.2888 0.0185 0.0267
4 0.4725 0.2703 0.0344 0.0175
