3 0.2849 0.6970 0.1398 0.1037
3 0.2904 0.7949 0.1211 0.0978
3 0.2360 0.8953 0.1398 0.1159
3 0.1929 0.8141 0.1343 0.1071
3 0.3831 0.3639 0.1825 0.1433
3 0.4111 0.1630 0.1499 0.1200
3 0.5004 0.2900 0.1793 0.1316
3 0.5027 0.1933 0.1390 0.0967
3 0.6074 0.2982 0.1073 0.1155
5 0.7070 0.2727 0.1404 0.0896
5 0.6388 0.1998 0.1323 0.0916
5 0.5723 0.4264 0.1587 0.1215
5 0.4994 0.4803 0.1087 0.0876
5 0.4008 0.5053 0.1492 0.1124
5 0.5821 0.5494 0.1418 0.1094
5 0.6179 0.6699 0.1364 0.1053
5 0.4413 0.6319 0.1316 0.1003
5 0.4872 0.7962 0.1303 0.1089
5 0.5851 0.0456 0.1465 0.0911
