5 0.3019 0.2096 0.1031 0.0926
5 0.2891 0.2566 0.0716 0.0520
5 0.4629 0.1828 0.0722 0.0957
5 0.5462 0.1745 0.1642 0.1349
5 0.6103 0.2361 0.0617 0.0572
3 0.6819 0.1987 0.1258 0.1004
5 0.5459 0.2441 0.0914 0.0288
3 0.3852 0.2854 0.0646 0.0694
3 0.3651 0.3559 0.0792 0.0760
5 0.3223 0.3970 0.0576 0.0594
5 0.5421 0.2961 0.1048 0.0821
5 0.5762 0.3131 0.0681 0.0585
5 0.5317 0.3915 0.0641 0.0563
5 0.5797 0.4070 0.0833 0.0664
3 0.2454 0.5011 0.1112 0.0721
5 0.2888 0.5566 0.0731 0.0552
5 0.1328 0.5606 0.0771 0.0492
3 0.1583 0.5972 0.1237 0.0895
3 0.2188 0.6162 0.0687 0.0680
5 0.3263 0.6121 0.0643 0.0452
4 0.2442 0.6733 0.1017 0.0700
4 0.1372 0.6324 0.1043 0.0634
5 0.1277 0.6621 0.0722 0.0264
5 0.3890 0.6459 0.0815 0.0621
5 0.2206 0.7214 0.0502 0.0413
5 0.2268 0.7450 0.0291 0.0172
5 0.4190 0.7166 0.0771 0.0627
5 0.3886 0.7478 0.0594 0.0472
5 0.2880 0.7744 0.0713 0.0555
4 0.0308 0.7161 0.0617 0.0452
5 0.0398 0.6852 0.0593 0.0332
5 0.0311 0.7411 0.0518 0.0295
3 0.0240 0.6557 0.0481 0.0434
5 0.3433 0.8828 0.0446 0.0482
5 0.1805 0.2852 0.0511 0.0347
5 0.1517 0.3050 0.0436 0.0320
