5 0.8124 0.3903 0.0910 0.0630
5 0.7578 0.4467 0.0945 0.0638
5 0.6419 0.3032 0.0693 0.0806
5 0.5773 0.2759 0.1127 0.0876
5 0.4872 0.1889 0.1109 0.0748
5 0.5215 0.3054 0.1045 0.0806
5 0.4144 0.2508 0.0945 0.0806
5 0.4071 0.3360 0.0928 0.0766
5 0.3662 0.3593 0.0546 0.0414
5 0.5365 0.3773 0.0816 0.0652
5 0.6252 0.4306 0.0675 0.0590
5 0.5752 0.4537 0.0804 0.0559
5 0.5535 0.5306 0.0957 0.0634
5 0.3067 0.3815 0.0728 0.0542
5 0.2644 0.3430 0.0740 0.0608
5 0.3665 0.4586 0.0341 0.0401
5 0.1226 0.2219 0.1039 0.0704
5 0.1393 0.2891 0.0740 0.0515
5 0.1819 0.3071 0.0429 0.0427
5 0.4182 0.7283 0.0775 0.0643
5 0.4326 0.6530 0.0769 0.0590
5 0.0718 0.7547 0.0575 0.0423
5 0.1276 0.7589 0.0446 0.0339
4 0.0175 0.6838 0.0335 0.0484
5 0.1790 0.7573 0.0511 0.0352
5 0.2192 0.7703 0.0423 0.0304
5 0.5758 0.7182 0.1004 0.0837
5 0.5201 0.7023 0.0593 0.0555
5 0.5295 0.6385 0.0781 0.0616
5 0.6046 0.7479 0.0546 0.0445
5 0.5001 0.7527 0.0252 0.0207
5 0.5794 0.8513 0.0288 0.0242
5 0.6246 0.6288 0.0922 0.0713
5 0.6618 0.9614 0.0622 0.0489
5 0.8098 0.8157 0.0282 0.0224
5 0.7296 0.7102 0.0887 0.0713
5 0.5168 0.8872 0.0270 0.0185
