3 0.2497 0.2800 0.1456 0.1110
3 0.3610 0.3917 0.1309 0.0964
3 0.5221 0.4388 0.1186 0.0929
4 0.6639 0.4586 0.1297 0.0929
3 0.6542 0.3622 0.1456 0.1061
4 0.3806 0.4898 0.0763 0.0868
5 0.2371 0.3906 0.1262 0.0986
5 0.1822 0.4762 0.1080 0.0947
5 0.1279 0.5579 0.0828 0.0784
5 0.3175 0.4945 0.1203 0.1066
5 0.1948 0.6012 0.0605 0.0709
5 0.2612 0.5953 0.1074 0.1092
5 0.3618 0.5834 0.0975 0.0863
5 0.3604 0.6997 0.0851 0.0713
5 0.4467 0.5997 0.1145 0.0925
5 0.5007 0.5046 0.1168 0.0872
5 0.5077 0.5563 0.1039 0.0674
5 0.6169 0.5616 0.1086 0.0867
5 0.5917 0.6649 0.0981 0.1004
5 0.5248 0.6314 0.0828 0.0687
5 0.4916 0.6851 0.0975 0.0960
5 0.4446 0.6895 0.0481 0.0863
5 0.7854 0.4447 0.0675 0.0423
5 0.8832 0.4082 0.1526 0.1162
5 0.8089 0.5451 0.1380 0.1048
5 0.8978 0.5656 0.0810 0.0621
5 0.8720 0.6281 0.1315 0.1105
5 0.8990 0.6893 0.0951 0.0814
