4 0.3800 0.3559 0.1450 0.1232
4 0.3037 0.3749 0.0996 0.0948
4 0.4525 0.3457 0.0780 0.0921
5 0.4661 0.4295 0.0996 0.0852
5 0.6394 0.4153 0.0571 0.0568
5 0.5241 0.4795 0.0815 0.0707
5 0.6566 0.5084 0.0856 0.0725
5 0.6044 0.5450 0.0536 0.0681
5 0.5022 0.5413 0.0949 0.0939
5 0.6831 0.5713 0.0769 0.0646
5 0.2606 0.4981 0.1229 0.1149
5 0.5523 0.6047 0.0798 0.0878
5 0.6467 0.6140 0.0309 0.0376
5 0.3919 0.5870 0.1013 0.1048
5 0.4350 0.6018 0.0431 0.0664
5 0.2390 0.5942 0.1101 0.1053
4 0.6207 0.6123 0.0699 0.0594
3 0.7544 0.6538 0.0507 0.0437
5 0.7043 0.6269 0.0413 0.0572
5 0.4391 0.6486 0.0757 0.0786
5 0.2824 0.6582 0.0862 0.0821
5 0.2597 0.6785 0.0652 0.0581
5 0.2131 0.7147 0.0687 0.0694
4 0.7052 0.6898 0.0734 0.0808
4 0.6065 0.7280 0.0739 0.0830
5 0.5619 0.6890 0.0524 0.0598
5 0.5544 0.7167 0.0419 0.0550
5 0.5369 0.7204 0.0547 0.0642
5 0.4321 0.7173 0.0629 0.0651
5 0.3858 0.7774 0.0483 0.0568
5 0.3660 0.8091 0.0390 0.0406
5 0.3826 0.8313 0.0419 0.0380
5 0.7049 0.7409 0.0728 0.0546
5 0.6082 0.7798 0.0460 0.0467
5 0.7069 0.7774 0.0652 0.0524
5 0.6237 0.8154 0.0641 0.0463
5 0.6301 0.8451 0.0594 0.0411
