5 0.5655 0.2815 0.1235 0.1124
5 0.3488 0.2479 0.1627 0.1241
5 0.3917 0.3798 0.1431 0.1084
5 0.3053 0.3914 0.1013 0.0871
5 0.3235 0.4798 0.1175 0.0815
5 0.6702 0.4324 0.1749 0.1236
5 0.5703 0.3955 0.1101 0.0831
5 0.5112 0.4712 0.1445 0.1028
5 0.6287 0.4957 0.0999 0.0456
5 0.6017 0.5345 0.1134 0.0663
5 0.5976 0.5980 0.0864 0.0587
5 0.7029 0.5519 0.1350 0.0881
5 0.7208 0.6264 0.0992 0.0709
5 0.7759 0.6332 0.0540 0.0653
5 0.4217 0.6114 0.0736 0.0552
5 0.3863 0.6740 0.0851 0.0699
5 0.2962 0.6519 0.1060 0.0744
5 0.2837 0.8631 0.0783 0.0674
5 0.3603 0.7730 0.0763 0.0582
5 0.4157 0.8408 0.0682 0.0491
5 0.3012 0.9368 0.0756 0.0567
5 0.1723 0.6762 0.0729 0.0673
3 0.1446 0.7469 0.0945 0.0658
5 0.2209 0.7666 0.0797 0.0628
5 0.2911 0.7836 0.0365 0.0228
5 0.1048 0.8479 0.0932 0.0724
5 0.1517 0.8957 0.0776 0.0618
5 0.1885 0.9537 0.0608 0.0511
5 0.4427 0.2663 0.0641 0.0638
5 0.4238 0.4993 0.0844 0.0618
5 0.4329 0.4342 0.0999 0.0653
5 0.6050 0.0476 0.0621 0.0517
5 0.5740 0.1382 0.0594 0.0456
5 0.2286 0.3610 0.0466 0.0314
