5 0.2495 0.0572 0.1904 0.1144
5 0.0801 0.0694 0.1322 0.1310
5 0.6598 0.0729 0.1537 0.1459
5 0.5238 0.1760 0.0996 0.0952
3 0.4347 0.2409 0.1718 0.1376
3 0.6464 0.2197 0.1922 0.1450
3 0.6877 0.3511 0.1630 0.1424
5 0.4953 0.4533 0.1252 0.0839
4 0.5692 0.4996 0.1788 0.1371
5 0.6458 0.5210 0.1281 0.1118
3 0.7194 0.5623 0.0786 0.0659
3 0.6915 0.6106 0.0635 0.0620
5 0.5995 0.6149 0.1497 0.0996
3 0.7713 0.6479 0.0903 0.0817
3 0.6938 0.6575 0.1229 0.0825
5 0.5484 0.6883 0.1357 0.1022
5 0.4296 0.6513 0.1443 0.1215
5 0.3312 0.7240 0.1397 0.1060
5 0.3122 0.7935 0.1038 0.0627
5 0.4155 0.7666 0.1139 0.0824
5 0.3947 0.8121 0.0876 0.0513
5 0.6089 0.7605 0.1149 0.0915
3 0.5519 0.7939 0.0516 0.0437
5 0.5762 0.8140 0.0467 0.0284
5 0.6610 0.7524 0.0517 0.0683
5 0.6802 0.8362 0.0815 0.0735
3 0.6796 0.7420 0.0306 0.0356
3 0.7051 0.7908 0.0578 0.0477
5 0.7309 0.7241 0.0812 0.0635
3 0.7750 0.7699 0.1011 0.0781
5 0.7746 0.8020 0.0919 0.0362
4 0.8218 0.9823 0.0668 0.0346
3 0.6344 0.4270 0.0260 0.0322
3 0.6905 0.4521 0.0210 0.0388
3 0.4440 0.4161 0.0364 0.0253
