5 0.4247 0.0592 0.1632 0.1176
5 0.5758 0.1145 0.1685 0.1339
5 0.5538 0.2384 0.1620 0.1325
5 0.4399 0.1999 0.1385 0.1180
5 0.2823 0.2640 0.1943 0.1519
5 0.5444 0.3778 0.1233 0.0951
5 0.5045 0.4187 0.1562 0.1189
5 0.4141 0.4145 0.0928 0.0920
5 0.4164 0.5149 0.1045 0.0797
5 0.5195 0.5491 0.1438 0.1066
5 0.5201 0.6556 0.1215 0.0925
5 0.3900 0.5979 0.1268 0.0969
5 0.3844 0.6812 0.1098 0.0819
3 0.6042 0.6466 0.0697 0.0506
3 0.7368 0.8733 0.0719 0.0573
3 0.5572 0.7017 0.0653 0.0496
5 0.5135 0.7872 0.0586 0.0483
5 0.4036 0.7498 0.0954 0.0739
5 0.4222 0.7922 0.0493 0.0343
3 0.0977 0.6737 0.0706 0.0489
3 0.0283 0.6630 0.0551 0.0483
3 0.1026 0.7193 0.0679 0.0483
3 0.0363 0.7062 0.0701 0.0493
3 0.0494 0.7531 0.0732 0.0526
3 0.2482 0.4908 0.1008 0.0699
3 0.2138 0.7481 0.0521 0.0345
