3 0.1910 0.1096 0.1572 0.1354
3 0.6132 0.1705 0.0536 0.0529
3 0.6047 0.2022 0.0437 0.0533
4 0.2743 0.2295 0.1584 0.1096
4 0.1735 0.2548 0.1234 0.1131
4 0.2559 0.3422 0.1566 0.1184
5 0.1488 0.3282 0.1007 0.0913
5 0.3121 0.3645 0.1002 0.1052
5 0.1246 0.4051 0.1095 0.0930
5 0.2667 0.4448 0.0908 0.0913
5 0.1872 0.5328 0.1136 0.0996
4 0.3191 0.5254 0.1409 0.1249
5 0.3951 0.5582 0.0891 0.1039
4 0.4749 0.3193 0.1566 0.1485
4 0.4271 0.4463 0.1368 0.1310
4 0.5835 0.4453 0.1549 0.1376
5 0.4868 0.5420 0.1141 0.1101
5 0.5614 0.5922 0.1060 0.1039
5 0.6871 0.5387 0.1351 0.1192
5 0.7090 0.6354 0.1287 0.1005
5 0.6714 0.6885 0.0862 0.0590
5 0.6941 0.7440 0.0640 0.0616
5 0.2347 0.5957 0.0501 0.1040
5 0.0680 0.2262 0.0321 0.0310
5 0.0418 0.2284 0.0273 0.0267
4 0.0878 0.1488 0.0445 0.0413
4 0.1202 0.1828 0.0396 0.0314
5 0.0989 0.2156 0.0321 0.0377
5 0.0313 0.2178 0.0247 0.0254
