5 0.6502 0.0963 0.1031 0.0799
5 0.6336 0.1821 0.0792 0.0594
3 0.7978 0.2289 0.1712 0.1389
3 0.8676 0.3003 0.0419 0.0354
4 0.6269 0.3804 0.1671 0.1284
5 0.7882 0.4649 0.1811 0.1262
3 0.5931 0.4752 0.0798 0.0341
5 0.7203 0.4856 0.0827 0.0812
5 0.6548 0.5066 0.0739 0.0620
5 0.6071 0.5311 0.1473 0.1074
5 0.4699 0.5540 0.0606 0.0450
5 0.7422 0.6195 0.1497 0.1053
5 0.6155 0.6110 0.1118 0.0804
5 0.7157 0.6964 0.1223 0.0904
5 0.6464 0.7145 0.0908 0.0874
5 0.7360 0.7516 0.0326 0.0245
5 0.5709 0.6338 0.1008 0.0835
5 0.4869 0.6576 0.0886 0.0649
5 0.4529 0.6807 0.1018 0.0839
5 0.4005 0.6405 0.0557 0.0687
3 0.3256 0.6524 0.1479 0.1056
5 0.2281 0.6171 0.0430 0.0296
4 0.1268 0.6885 0.1413 0.1010
4 0.2198 0.7476 0.1398 0.1022
5 0.3486 0.7899 0.1099 0.0843
5 0.2744 0.7931 0.0840 0.0817
5 0.2760 0.7379 0.0709 0.0843
