2 0.2443 0.3693 0.1156 0.0787
0 0.0229 0.7047 0.0452 0.0376
1 0.0604 0.6825 0.0489 0.0343
0 0.2807 0.6024 0.1190 0.0914
2 0.2545 0.6503 0.0903 0.0634
2 0.2797 0.7949 0.0776 0.0582
1 0.4173 0.7978 0.1688 0.1307
1 0.5670 0.8022 0.1421 0.1144
1 0.4893 0.8995 0.1604 0.1340
2 0.3363 0.9350 0.0663 0.0504
2 0.8521 0.1692 0.2010 0.1502
2 0.6842 0.2882 0.1101 0.1409
2 0.5733 0.3009 0.0424 0.0936
2 0.7836 0.3021 0.0732 0.0450
1 0.3170 0.5969 0.0757 0.0921
2 0.0449 0.4573 0.0633 0.0417
2 0.0586 0.4312 0.0426 0.0375
