3 0.1054 0.2598 0.0517 0.0403
3 0.0140 0.2689 0.0272 0.0363
4 0.0632 0.3070 0.0450 0.0305
3 0.0256 0.3749 0.0470 0.0368
4 0.1568 0.3158 0.0436 0.0330
5 0.1914 0.3433 0.0188 0.0164
5 0.1644 0.3435 0.0373 0.0279
5 0.1242 0.3613 0.0322 0.0237
5 0.0430 0.3976 0.0443 0.0310
5 0.0227 0.4182 0.0426 0.0307
5 0.0538 0.4330 0.0342 0.0232
5 0.0314 0.4677 0.0399 0.0257
4 0.7595 0.6520 0.0672 0.0469
4 0.7323 0.5495 0.0629 0.0376
4 0.7114 0.6427 0.0452 0.0405
4 0.7225 0.6885 0.0548 0.0423
5 0.6846 0.6937 0.0448 0.0388
5 0.7433 0.7288 0.0455 0.0264
5 0.7205 0.7613 0.0486 0.0263
5 0.6748 0.7543 0.0405 0.0327
5 0.8188 0.7757 0.0428 0.0206
5 0.8996 0.9411 0.0347 0.0385
3 0.8724 0.9357 0.0506 0.0417
5 0.8361 0.9125 0.0452 0.0376
5 0.8182 0.8891 0.0440 0.0266
5 0.7966 0.9128 0.0440 0.0376
5 0.7960 0.9804 0.0467 0.0385
5 0.5113 0.8284 0.0455 0.0350
4 0.5325 0.8031 0.0486 0.0411
4 0.5219 0.7687 0.0529 0.0475
4 0.4632 0.8326 0.0567 0.0440
5 0.4532 0.8640 0.0498 0.0408
3 0.2766 0.8040 0.0336 0.0289
3 0.2714 0.7517 0.0326 0.0267
3 0.2775 0.7649 0.0292 0.0229
4 0.2503 0.8246 0.0373 0.0284
4 0.2244 0.7661 0.0332 0.0247
4 0.2588 0.7083 0.0369 0.0259
5 0.3361 0.7740 0.0342 0.0249
5 0.3100 0.7777 0.0326 0.0262
5 0.2449 0.8057 0.0312 0.0199
