3 0.3232 0.1347 0.0857 0.0678
4 0.3400 0.2489 0.0722 0.0552
5 0.2442 0.2382 0.0844 0.0511
5 0.1834 0.3896 0.1452 0.1301
5 0.3009 0.4917 0.1249 0.1033
5 0.2162 0.4593 0.1242 0.0891
3 0.4055 0.4362 0.1330 0.1190
3 0.5372 0.4276 0.1209 0.0947
5 0.2793 0.2825 0.0763 0.0587
3 0.4595 0.5198 0.1276 0.0967
3 0.5686 0.5134 0.1053 0.0901
4 0.6871 0.5390 0.0992 0.0795
5 0.7451 0.6157 0.1033 0.0901
5 0.6425 0.5891 0.1074 0.0937
5 0.6874 0.6476 0.0392 0.0699
5 0.5713 0.5998 0.0689 0.0886
5 0.6304 0.6795 0.1114 0.1013
5 0.4747 0.6084 0.1067 0.0906
5 0.4653 0.6909 0.1067 0.1018
5 0.5993 0.8241 0.1114 0.0987
5 0.4886 0.8195 0.1168 0.0998
