4 0.1605 0.6719 0.1386 0.0978
4 0.1446 0.6010 0.1374 0.0845
5 0.1012 0.5312 0.1162 0.0762
5 0.2209 0.4518 0.1174 0.0881
3 0.2976 0.5090 0.1274 0.0907
4 0.4176 0.4205 0.1491 0.1066
4 0.3378 0.5759 0.1350 0.1048
4 0.2981 0.6420 0.0945 0.0652
5 0.2682 0.6875 0.0922 0.0586
5 0.2330 0.5795 0.0992 0.0845
5 0.3351 0.7360 0.1051 0.0841
4 0.4420 0.5713 0.0863 0.0797
4 0.3924 0.6420 0.0798 0.0687
5 0.4746 0.6367 0.0775 0.0713
5 0.4978 0.4667 0.1168 0.0881
5 0.5403 0.5552 0.0916 0.0713
5 0.5538 0.6316 0.1080 0.0850
5 0.6457 0.7038 0.1016 0.0779
5 0.5347 0.7241 0.0793 0.0630
5 0.5506 0.7699 0.0581 0.0436
5 0.7496 0.7137 0.0652 0.0467
5 0.6856 0.6114 0.0828 0.0647
5 0.6422 0.4903 0.0804 0.0577
5 0.6498 0.4126 0.0487 0.0361
5 0.7070 0.3005 0.0669 0.0480
4 0.6563 0.3360 0.0851 0.0669
5 0.6642 0.2327 0.0716 0.0454
4 0.5876 0.2514 0.1051 0.0810
3 0.5893 0.2992 0.0887 0.0533
