5 0.9441 0.2539 0.1118 0.1072
5 0.8994 0.1412 0.1778 0.1007
5 0.7325 0.1852 0.1669 0.1095
5 0.6724 0.2309 0.1460 0.0891
5 0.9736 0.4024 0.0528 0.0408
5 0.8245 0.4210 0.1103 0.1025
5 0.7628 0.3334 0.0784 0.1031
5 0.7345 0.3881 0.0839 0.0448
5 0.6758 0.3182 0.1700 0.1066
5 0.9146 0.5020 0.0652 0.0396
5 0.8587 0.4886 0.0621 0.0757
5 0.6242 0.3832 0.0947 0.0885
5 0.7189 0.4778 0.1227 0.0984
5 0.4324 0.2090 0.1755 0.1491
5 0.4682 0.3776 0.1273 0.1299
5 0.3319 0.3968 0.1498 0.1287
5 0.4460 0.5008 0.0955 0.1211
3 0.6595 0.5546 0.1467 0.1345
3 0.6025 0.6222 0.0978 0.1019
3 0.5171 0.5247 0.1646 0.1584
3 0.5419 0.6650 0.1537 0.1339
4 0.5070 0.7256 0.1320 0.0990
5 0.5904 0.7433 0.0862 0.0844
5 0.4111 0.6036 0.1141 0.0879
5 0.3839 0.6889 0.0846 0.0745
5 0.2973 0.6618 0.1134 0.1031
5 0.3028 0.7590 0.0994 0.0926
5 0.4697 0.7911 0.1071 0.0891
