5 0.9689 0.3011 0.0602 0.0716
5 0.9576 0.2594 0.0817 0.0571
5 0.8920 0.1868 0.0934 0.0712
5 0.8989 0.1294 0.0807 0.0620
5 0.8057 0.1015 0.0914 0.0743
5 0.7246 0.1526 0.0720 0.0356
5 0.3808 0.0649 0.0725 0.0655
5 0.1235 0.0599 0.1276 0.0731
3 0.1115 0.1338 0.1802 0.1390
3 0.1776 0.4013 0.1828 0.1302
5 0.0438 0.4034 0.0868 0.1068
3 0.3055 0.3314 0.1772 0.1252
5 0.2309 0.2347 0.1261 0.1011
5 0.1748 0.3115 0.1271 0.0869
5 0.2965 0.2485 0.0459 0.0475
5 0.3307 0.2678 0.0439 0.0241
4 0.3792 0.5316 0.1930 0.1344
5 0.2789 0.6015 0.1424 0.1057
5 0.1977 0.5401 0.1139 0.0869
5 0.1952 0.4842 0.0444 0.0310
5 0.3573 0.4625 0.0725 0.0345
5 0.5293 0.5339 0.1348 0.1015
5 0.3289 0.7179 0.1006 0.0927
5 0.4392 0.7198 0.1537 0.1264
5 0.5740 0.6471 0.1179 0.0919
5 0.5280 0.8439 0.1241 0.1034
5 0.6633 0.6723 0.0853 0.0636
5 0.7565 0.5280 0.1133 0.0850
5 0.8762 0.6649 0.0648 0.0502
