3 0.0480 0.6060 0.0961 0.1070
3 0.5826 0.5972 0.0856 0.0703
3 0.6531 0.5929 0.0774 0.0721
3 0.7422 0.6759 0.1194 0.0852
3 0.7710 0.7156 0.0978 0.0659
5 0.8409 0.7232 0.0757 0.0559
5 0.7972 0.6106 0.0827 0.0594
3 0.2270 0.2922 0.0360 0.0336
4 0.2470 0.2752 0.0322 0.0313
5 0.3235 0.0282 0.1124 0.0555
5 0.3261 0.0961 0.1025 0.0742
5 0.4670 0.0262 0.1013 0.0515
4 0.4961 0.0166 0.1002 0.0314
4 0.6548 0.0406 0.1112 0.0804
4 0.6111 0.1087 0.1089 0.0952
5 0.4592 0.1780 0.0786 0.0808
5 0.5282 0.2009 0.0710 0.0716
5 0.5666 0.1876 0.0769 0.0895
4 0.7785 0.0218 0.1025 0.0437
5 0.6950 0.1018 0.0879 0.0943
5 0.8443 0.0463 0.0943 0.0917
5 0.7369 0.1315 0.0786 0.0856
5 0.8665 0.1201 0.0885 0.0804
5 0.9288 0.1749 0.0641 0.0642
5 0.8834 0.1856 0.0478 0.0664
5 0.7954 0.1898 0.0594 0.0581
5 0.9436 0.1961 0.0553 0.0480
5 0.8842 0.2361 0.0576 0.0520
5 0.8155 0.2328 0.0437 0.0472
3 0.9148 0.0908 0.0314 0.0271
3 0.1517 0.2118 0.0297 0.0210
