3 0.5733 0.0900 0.2067 0.1791
3 0.3901 0.1847 0.1631 0.1450
3 0.0215 0.1081 0.0419 0.0799
5 0.0247 0.1981 0.0483 0.0668
4 0.2539 0.2533 0.1607 0.1267
5 0.0373 0.2557 0.0734 0.0590
5 0.0405 0.2972 0.0728 0.0450
3 0.6004 0.3182 0.1735 0.1349
5 0.3756 0.3404 0.1537 0.1149
3 0.4554 0.3979 0.1432 0.1171
5 0.2516 0.3830 0.1386 0.1109
3 0.2306 0.4387 0.0955 0.0563
4 0.5785 0.4354 0.1543 0.1109
5 0.0961 0.4079 0.0780 0.0550
5 0.0207 0.3819 0.0402 0.0537
5 0.0119 0.4282 0.0239 0.0389
5 0.0556 0.4629 0.0728 0.0533
5 0.1301 0.4747 0.0553 0.0419
5 0.2501 0.4990 0.1019 0.0904
5 0.3340 0.5212 0.1380 0.1070
5 0.4405 0.4948 0.1229 0.1005
5 0.0661 0.5051 0.0448 0.0328
5 0.0195 0.5566 0.0390 0.0328
5 0.2725 0.5603 0.0769 0.0384
5 0.4169 0.6088 0.1071 0.0952
5 0.3328 0.6245 0.1031 0.0847
5 0.5436 0.5843 0.1264 0.0970
5 0.2486 0.6411 0.0757 0.0611
5 0.5282 0.6778 0.1095 0.0873
5 0.4193 0.7464 0.0967 0.0795
5 0.5273 0.7929 0.0716 0.0642
3 0.5698 0.9416 0.0588 0.0524
