4 0.8447 0.4172 0.0963 0.0763
4 0.9658 0.2044 0.0683 0.0710
3 0.9340 0.2414 0.0761 0.0600
4 0.9616 0.2903 0.0738 0.0553
4 0.7372 0.3843 0.0800 0.0745
5 0.8548 0.4854 0.0823 0.0635
5 0.7481 0.4347 0.0753 0.0612
5 0.7679 0.4696 0.0668 0.0600
5 0.7799 0.5156 0.0629 0.0553
5 0.8257 0.5453 0.0505 0.0413
5 0.8777 0.5625 0.0551 0.0408
5 0.8684 0.5884 0.0536 0.0320
3 0.6487 0.3951 0.0769 0.0740
4 0.5314 0.4580 0.1235 0.0996
4 0.4946 0.3904 0.1165 0.1042
3 0.5411 0.5482 0.1320 0.1194
4 0.4321 0.5424 0.1172 0.0961
5 0.3839 0.4484 0.1219 0.0710
3 0.2857 0.5552 0.1568 0.1089
3 0.4410 0.6507 0.1568 0.1205
4 0.3366 0.6210 0.1343 0.1042
5 0.5819 0.7375 0.0846 0.0518
5 0.5547 0.6985 0.0955 0.0495
5 0.5893 0.4982 0.0435 0.0600
