5 0.7036 0.0274 0.1902 0.0542
5 0.6624 0.1960 0.1766 0.1469
5 0.6706 0.2853 0.1338 0.0654
3 0.4914 0.3700 0.1189 0.0941
3 0.6259 0.3897 0.1299 0.1010
5 0.7065 0.4134 0.1281 0.0905
3 0.5176 0.4835 0.1475 0.1043
3 0.6781 0.4742 0.1453 0.0707
3 0.3983 0.5239 0.1343 0.1067
5 0.5786 0.5637 0.1198 0.0918
5 0.6765 0.5077 0.1361 0.0842
5 0.6523 0.5957 0.1140 0.0826
4 0.4975 0.6070 0.1347 0.1011
5 0.5640 0.6322 0.0696 0.0499
4 0.4330 0.6182 0.0859 0.0938
5 0.5264 0.7029 0.1184 0.0974
5 0.4502 0.7188 0.0911 0.0822
3 0.3346 0.7688 0.0925 0.0733
3 0.4237 0.7782 0.0877 0.0689
5 0.5148 0.8043 0.1244 0.0930
5 0.4275 0.8480 0.1045 0.0838
3 0.3561 0.8296 0.0942 0.0787
5 0.2899 0.8640 0.0570 0.0465
5 0.2485 0.9009 0.0617 0.0521
5 0.0449 0.8153 0.0504 0.0365
5 0.0373 0.8567 0.0376 0.0345
5 0.0136 0.8569 0.0266 0.0371
4 0.0208 0.7290 0.0417 0.0423
5 0.0285 0.7511 0.0437 0.0360
5 0.0127 0.7468 0.0255 0.0428
5 0.0138 0.6807 0.0275 0.0551
5 0.0085 0.8081 0.0171 0.0358
5 0.1453 0.1044 0.0573 0.0512
5 0.1827 0.1655 0.0481 0.0378
5 0.1919 0.1168 0.0492 0.0447
5 0.1844 0.2037 0.0313 0.0230
5 0.3062 0.1936 0.0443 0.0354
5 0.3505 0.1855 0.0484 0.0363
5 0.1386 0.0290 0.0582 0.0505
5 0.0871 0.0217 0.0501 0.0434
5 0.3484 0.2352 0.0385 0.0222
5 0.1494 0.1853 0.0226 0.0167
