5 0.4470 0.0554 0.0534 0.0473
5 0.4433 0.1003 0.0460 0.0390
5 0.3914 0.1006 0.0544 0.0446
5 0.3579 0.0588 0.0597 0.0486
4 0.2159 0.0254 0.0645 0.0503
5 0.2234 0.0637 0.0641 0.0463
5 0.2315 0.0059 0.0426 0.0118
3 0.4589 0.5796 0.0463 0.0365
3 0.4389 0.5715 0.0413 0.0358
5 0.4881 0.5985 0.0450 0.0345
5 0.4704 0.5621 0.0311 0.0248
3 0.4867 0.4781 0.0298 0.0222
5 0.4993 0.4939 0.0280 0.0205
5 0.4819 0.4229 0.0364 0.0265
5 0.5192 0.4007 0.0294 0.0210
4 0.5452 0.3942 0.0342 0.0250
3 0.7175 0.2164 0.0360 0.0263
3 0.6346 0.2350 0.0348 0.0280
4 0.6968 0.2379 0.0327 0.0253
3 0.6450 0.2943 0.0322 0.0263
5 0.6254 0.2544 0.0325 0.0257
5 0.6194 0.2838 0.0267 0.0221
5 0.6348 0.3219 0.0330 0.0259
5 0.6626 0.3267 0.0307 0.0240
4 0.6664 0.2680 0.0282 0.0221
5 0.6845 0.2880 0.0311 0.0245
5 0.6672 0.2835 0.0180 0.0128
5 0.7040 0.2588 0.0221 0.0196
5 0.6885 0.2612 0.0246 0.0219
5 0.8282 0.0867 0.0257 0.0189
5 0.8084 0.0839 0.0248 0.0213
5 0.8048 0.0671 0.0238 0.0194
4 0.8474 0.0633 0.0230 0.0207
4 0.8544 0.0326 0.0228 0.0206
5 0.7946 0.0161 0.0196 0.0166
5 0.8631 0.0732 0.0198 0.0151
5 0.8998 0.0538 0.0188 0.0158
3 0.8856 0.2030 0.0203 0.0154
3 0.8825 0.2178 0.0175 0.0148
5 0.8740 0.2223 0.0186 0.0148
5 0.9288 0.2471 0.0180 0.0140
5 0.9019 0.2497 0.0192 0.0141
