3 0.7203 0.2212 0.1887 0.1437
4 0.5328 0.3225 0.1630 0.1367
5 0.5672 0.4439 0.1724 0.1271
5 0.7448 0.5175 0.1502 0.1127
5 0.5975 0.5258 0.1386 0.0943
3 0.3881 0.5418 0.1031 0.0790
4 0.3197 0.5916 0.0827 0.0590
3 0.4848 0.6280 0.1322 0.0935
5 0.3633 0.6887 0.0766 0.0624
4 0.4641 0.7181 0.1427 0.1133
3 0.3289 0.7912 0.0608 0.0594
5 0.3936 0.7630 0.1295 0.1073
5 0.5284 0.7779 0.1242 0.0934
5 0.4447 0.8596 0.1215 0.1030
5 0.3604 0.8773 0.0638 0.0565
5 0.3980 0.9321 0.0608 0.0492
5 0.5480 0.8814 0.1096 0.0885
