5 0.9387 0.1996 0.1211 0.1686
5 0.8135 0.2112 0.1572 0.1323
3 0.6044 0.2136 0.0943 0.0437
3 0.6350 0.3227 0.2650 0.2061
5 0.5640 0.4156 0.1450 0.0991
5 0.7558 0.4228 0.1258 0.0978
5 0.8933 0.4313 0.1724 0.1219
5 0.6309 0.4909 0.1590 0.1153
5 0.8528 0.5359 0.1392 0.0978
5 0.7369 0.5470 0.1019 0.0773
5 0.7922 0.6258 0.0786 0.0585
5 0.7384 0.6289 0.0501 0.0428
5 0.5889 0.7933 0.0950 0.0669
5 0.5701 0.7307 0.1210 0.0910
5 0.4497 0.7940 0.0616 0.0488
5 0.4462 0.6870 0.0992 0.0732
5 0.5780 0.5697 0.1068 0.0993
5 0.4623 0.5819 0.1750 0.1335
5 0.2805 0.5480 0.1773 0.1335
5 0.3689 0.5756 0.0662 0.0795
3 0.1958 0.5980 0.1099 0.0824
5 0.2424 0.6662 0.1049 0.0844
5 0.2738 0.6398 0.0888 0.0678
5 0.3251 0.6784 0.0406 0.0353
5 0.3605 0.6984 0.0701 0.0546
5 0.2919 0.7221 0.0823 0.0600
5 0.3120 0.7458 0.0651 0.0442
4 0.0364 0.5481 0.0728 0.0577
4 0.0437 0.5990 0.0804 0.0537
3 0.4199 0.3996 0.0804 0.0576
5 0.4667 0.4330 0.0600 0.0476
5 0.6932 0.6100 0.0182 0.0151
