3 0.3492 0.2908 0.0865 0.0623
3 0.1951 0.3226 0.0907 0.0635
3 0.0159 0.3700 0.0302 0.0238
3 0.3311 0.3810 0.0782 0.0569
4 0.0575 0.3962 0.0333 0.0241
4 0.0156 0.4209 0.0313 0.0311
5 0.0324 0.4414 0.0313 0.0222
5 0.0201 0.4541 0.0391 0.0245
5 0.0533 0.4642 0.0179 0.0122
5 0.2163 0.4176 0.0787 0.0534
5 0.3235 0.4369 0.0738 0.0534
5 0.3163 0.4763 0.0663 0.0432
5 0.2352 0.4785 0.0756 0.0532
5 0.2581 0.5107 0.0628 0.0443
5 0.3109 0.5143 0.0486 0.0371
3 0.3519 0.4953 0.0524 0.0325
4 0.4036 0.4997 0.0458 0.0323
5 0.3775 0.5308 0.0370 0.0264
3 0.7598 0.4887 0.1428 0.0982
3 0.5894 0.5557 0.1566 0.1091
3 0.4792 0.6036 0.0433 0.0316
3 0.4145 0.6030 0.0532 0.0373
4 0.4240 0.6435 0.0517 0.0356
5 0.4784 0.6533 0.0402 0.0304
5 0.4328 0.6767 0.0486 0.0353
4 0.6211 0.6996 0.1493 0.1027
5 0.7721 0.7044 0.1308 0.1004
5 0.6583 0.7653 0.1224 0.0776
3 0.6880 0.4508 0.0286 0.0205
4 0.6274 0.9720 0.0564 0.0518
