5 0.4166 0.1817 0.2091 0.1799
5 0.3855 0.3784 0.2224 0.1821
5 0.5771 0.4232 0.1363 0.1066
5 0.8749 0.5095 0.1007 0.0843
5 0.6510 0.5051 0.1363 0.1114
5 0.4728 0.5551 0.1689 0.1240
5 0.6534 0.6191 0.1235 0.0948
5 0.7783 0.6892 0.0996 0.0847
5 0.4714 0.6972 0.0833 0.0607
5 0.5086 0.6529 0.1170 0.0926
5 0.2719 0.6490 0.2108 0.1406
3 0.0713 0.5667 0.0740 0.0528
4 0.1176 0.6579 0.0687 0.0528
5 0.1665 0.7791 0.1770 0.1345
5 0.8208 0.7339 0.0844 0.0686
5 0.1680 0.8883 0.1648 0.1188
5 0.3337 0.9067 0.1165 0.1118
5 0.8860 0.5927 0.0856 0.0594
5 0.2967 0.4046 0.1019 0.1166
5 0.1296 0.7204 0.0612 0.0450
4 0.0303 0.7348 0.0594 0.0494
