4 0.8668 0.7984 0.0337 0.0289
4 0.8406 0.8064 0.0393 0.0313
4 0.8142 0.7924 0.0287 0.0226
4 0.8168 0.8172 0.0340 0.0276
5 0.8529 0.8224 0.0322 0.0179
3 0.6973 0.7774 0.0342 0.0285
4 0.6888 0.7956 0.0337 0.0262
4 0.6678 0.7749 0.0280 0.0332
5 0.0976 0.4396 0.0735 0.0511
5 0.0873 0.4824 0.0720 0.0500
5 0.1168 0.5088 0.0567 0.0362
5 0.0965 0.5459 0.0498 0.0350
5 0.0469 0.5671 0.0479 0.0304
5 0.0144 0.5015 0.0280 0.0428
5 0.0144 0.5511 0.0272 0.0327
5 0.5947 0.2833 0.1372 0.0995
5 0.6276 0.4045 0.1544 0.1078
5 0.5664 0.4766 0.1261 0.0927
5 0.8833 0.4470 0.1565 0.1155
5 0.8894 0.5134 0.0289 0.0190
5 0.8157 0.5567 0.1327 0.1041
5 0.9084 0.5129 0.0243 0.0186
5 0.8558 0.7264 0.0363 0.0260
5 0.8250 0.7100 0.0360 0.0267
5 0.6362 0.5741 0.1215 0.0941
5 0.7443 0.6233 0.1264 0.1034
5 0.3076 0.7784 0.0233 0.0192
5 0.2907 0.7951 0.0246 0.0195
5 0.2835 0.8104 0.0203 0.0162
5 0.2787 0.8260 0.0186 0.0145
5 0.3155 0.8113 0.0156 0.0150
5 0.3091 0.7952 0.0163 0.0147
3 0.6128 0.8664 0.0203 0.0218
4 0.2570 0.7793 0.0226 0.0160
5 0.8356 0.3500 0.1656 0.1209
4 0.9892 0.8262 0.0208 0.0270
