3 0.2927 0.2213 0.1848 0.1432
4 0.2251 0.2906 0.1165 0.1083
4 0.2752 0.3855 0.1669 0.1188
4 0.6176 0.2661 0.1592 0.1363
5 0.7647 0.4207 0.1522 0.1240
5 0.5419 0.4260 0.1537 0.1159
5 0.3998 0.4498 0.1491 0.1007
5 0.1114 0.3529 0.1421 0.1153
5 0.0594 0.4999 0.1157 0.1066
5 0.2457 0.5273 0.1405 0.1066
5 0.3882 0.6376 0.1304 0.0990
5 0.6017 0.5517 0.1134 0.0938
5 0.5532 0.5858 0.1483 0.1199
5 0.3967 0.8246 0.1087 0.0815
5 0.6033 0.6772 0.1134 0.0920
5 0.6269 0.7523 0.1017 0.0850
5 0.6029 0.8589 0.0924 0.0792
5 0.4860 0.8039 0.0947 0.0693
5 0.7449 0.6772 0.1064 0.0839
5 0.7845 0.8010 0.0831 0.0763
5 0.8750 0.6775 0.1180 0.0903
