3 0.2205 0.0940 0.1555 0.1356
4 0.1458 0.1498 0.0385 0.0422
4 0.0919 0.1658 0.0451 0.0399
4 0.0661 0.1329 0.0258 0.0273
5 0.0684 0.1944 0.0375 0.0395
5 0.1152 0.1960 0.0441 0.0403
4 0.3089 0.2155 0.1509 0.1128
4 0.2048 0.2412 0.1210 0.1147
4 0.2980 0.3294 0.1504 0.1174
4 0.5226 0.3034 0.1509 0.1458
5 0.3458 0.3509 0.0942 0.1018
5 0.1820 0.3116 0.1119 0.0953
5 0.1537 0.3904 0.1079 0.0965
5 0.2205 0.4419 0.0744 0.0703
5 0.2965 0.4297 0.0957 0.0892
4 0.4727 0.4280 0.1342 0.1306
4 0.3686 0.5053 0.1347 0.1219
4 0.6281 0.4238 0.1463 0.1344
5 0.5289 0.5193 0.1139 0.1105
5 0.4476 0.5336 0.0749 0.1010
5 0.2281 0.5155 0.1089 0.0976
5 0.2886 0.5727 0.0537 0.1018
5 0.5985 0.5659 0.1003 0.1010
5 0.7261 0.5119 0.1296 0.1147
5 0.7476 0.6033 0.1261 0.0984
5 0.6970 0.6505 0.0805 0.0653
5 0.7195 0.7079 0.0608 0.0570
5 0.8000 0.6802 0.0851 0.0668
5 0.8089 0.7048 0.0916 0.0805
5 0.8525 0.7345 0.0704 0.0623
5 0.7912 0.7519 0.0674 0.0585
3 0.6770 0.9273 0.0295 0.0238
5 0.0482 0.2069 0.0277 0.0327
4 0.5480 0.1950 0.0533 0.0373
3 0.5361 0.1630 0.0498 0.0334
3 0.5238 0.1290 0.0392 0.0419
