3 0.1933 0.7133 0.0423 0.0312
5 0.2151 0.7368 0.0366 0.0312
5 0.2607 0.7080 0.0599 0.0507
5 0.3233 0.7078 0.0659 0.0572
5 0.3576 0.6665 0.0759 0.0574
5 0.2434 0.6660 0.0779 0.0499
5 0.2577 0.6143 0.0872 0.0599
5 0.3919 0.5980 0.0826 0.0589
3 0.2793 0.5468 0.0899 0.0669
3 0.4085 0.5144 0.0826 0.0614
5 0.6998 0.8375 0.0992 0.0799
5 0.7807 0.7878 0.1152 0.0939
5 0.6389 0.7731 0.1019 0.0829
5 0.7801 0.7290 0.0499 0.0292
5 0.6023 0.6881 0.1026 0.0737
5 0.7736 0.6545 0.1515 0.1238
5 0.5825 0.5954 0.1348 0.0991
5 0.5107 0.5637 0.0852 0.0672
5 0.8437 0.5537 0.1498 0.1061
5 0.8853 0.4111 0.2284 0.1536
5 0.5680 0.4563 0.1758 0.1206
5 0.6614 0.2792 0.1768 0.1493
5 0.2659 0.2837 0.0449 0.0306
5 0.2594 0.2494 0.0423 0.0363
5 0.2750 0.2056 0.0382 0.0417
5 0.2623 0.1931 0.0533 0.0423
5 0.2749 0.1552 0.0489 0.0491
5 0.2410 0.1095 0.0628 0.0497
5 0.3590 0.1766 0.0475 0.0454
5 0.3758 0.2377 0.0475 0.0337
5 0.3429 0.2627 0.0408 0.0291
5 0.3872 0.2688 0.0420 0.0304
5 0.3960 0.2981 0.0249 0.0213
5 0.3778 0.3116 0.0324 0.0256
5 0.3382 0.2207 0.0434 0.0384
5 0.2785 0.2499 0.0162 0.0256
5 0.5420 0.6265 0.0740 0.0575
5 0.8203 0.5173 0.1920 0.0915
5 0.7358 0.4894 0.1321 0.0978
5 0.3220 0.3156 0.0260 0.0298
5 0.2280 0.4979 0.0275 0.0217
4 0.2648 0.4778 0.0235 0.0211
3 0.3422 0.4680 0.0237 0.0189
5 0.8525 0.6606 0.0408 0.0537
5 0.9305 0.5073 0.0606 0.0703
