3 0.2347 0.1983 0.1840 0.1328
3 0.4012 0.1644 0.1433 0.1079
3 0.3229 0.2269 0.1159 0.1026
4 0.4871 0.2354 0.1019 0.0777
4 0.4277 0.2725 0.1636 0.1144
4 0.3197 0.3125 0.1281 0.0808
4 0.1663 0.3577 0.1613 0.1109
5 0.6825 0.2931 0.1060 0.0935
5 0.7477 0.3435 0.0862 0.0651
4 0.3709 0.3396 0.0990 0.0467
5 0.5188 0.3210 0.0815 0.0576
5 0.5089 0.3562 0.0629 0.0389
3 0.0894 0.4169 0.0588 0.0380
5 0.3893 0.4014 0.0810 0.0577
5 0.4172 0.4319 0.0367 0.0262
5 0.3051 0.4442 0.1118 0.0690
5 0.0894 0.4839 0.1310 0.0777
5 0.1063 0.5402 0.0844 0.0559
5 0.2492 0.5210 0.0908 0.0681
4 0.1435 0.4151 0.0518 0.0301
5 0.5925 0.4339 0.1007 0.0747
5 0.6071 0.4704 0.0670 0.0402
4 0.7247 0.7180 0.0833 0.0638
3 0.7911 0.7636 0.0961 0.0756
5 0.7515 0.7748 0.0437 0.0454
