2 0.7250 0.2275 0.1281 0.1240
2 0.0798 0.2396 0.0876 0.0623
2 0.6319 0.3300 0.2086 0.1420
2 0.0134 0.4227 0.0260 0.0310
2 0.3100 0.3628 0.1030 0.0769
2 0.2437 0.3994 0.1413 0.1159
2 0.3355 0.4338 0.1021 0.0690
2 0.5311 0.8197 0.1202 0.1134
2 0.4258 0.7735 0.1179 0.0916
2 0.4405 0.8625 0.1083 0.0887
1 0.3817 0.9394 0.0643 0.0566
1 0.1215 0.7431 0.0573 0.0430
2 0.0794 0.7683 0.0589 0.0444
2 0.1225 0.7798 0.0533 0.0359
2 0.0959 0.5722 0.0932 0.0612
1 0.0619 0.6387 0.0346 0.0295
2 0.0260 0.6361 0.0413 0.0277
