5 0.6507 0.3490 0.1368 0.0926
4 0.6138 0.4407 0.1397 0.1057
5 0.8391 0.4223 0.0862 0.0978
5 0.7113 0.5252 0.1007 0.1026
3 0.3241 0.4433 0.1427 0.1118
4 0.3182 0.5540 0.1485 0.1096
5 0.4350 0.5027 0.1328 0.0882
5 0.4341 0.5795 0.1089 0.0769
5 0.2737 0.6608 0.0885 0.0812
5 0.3706 0.6542 0.1147 0.0908
5 0.4685 0.6922 0.1054 0.0891
5 0.3214 0.7289 0.1025 0.0952
5 0.4335 0.7315 0.0798 0.0786
5 0.5285 0.7082 0.0600 0.0799
5 0.5913 0.7374 0.0542 0.0694
5 0.6539 0.7368 0.0920 0.0891
5 0.6959 0.6890 0.0431 0.0354
3 0.0224 0.3677 0.0448 0.0341
5 0.0609 0.3704 0.0390 0.0367
5 0.0588 0.0745 0.0410 0.0320
5 0.1325 0.1191 0.0405 0.0334
5 0.1301 0.1319 0.0392 0.0347
5 0.1195 0.1564 0.0304 0.0261
