5 0.1545 0.0151 0.0754 0.0301
5 0.1664 0.0698 0.0762 0.0615
5 0.1773 0.1073 0.0666 0.0342
5 0.1966 0.1374 0.0616 0.0497
5 0.1662 0.1742 0.0513 0.0422
5 0.1547 0.1812 0.0482 0.0350
5 0.1342 0.1979 0.0440 0.0356
5 0.4397 0.0187 0.0563 0.0373
5 0.3643 0.0695 0.0601 0.0528
5 0.3978 0.1176 0.0567 0.0480
5 0.3645 0.1107 0.0345 0.0319
5 0.3888 0.1378 0.0448 0.0327
5 0.4482 0.1202 0.0632 0.0480
5 0.3724 0.1485 0.0303 0.0281
5 0.4244 0.1721 0.0525 0.0434
5 0.3913 0.1790 0.0390 0.0388
5 0.3626 0.1954 0.0467 0.0422
4 0.6260 0.3478 0.1363 0.1051
3 0.5950 0.4536 0.1049 0.0818
4 0.4298 0.4826 0.1061 0.0744
5 0.5043 0.5061 0.0873 0.0388
5 0.4032 0.5539 0.0957 0.0741
5 0.5221 0.5442 0.0923 0.0689
5 0.4928 0.5603 0.1080 0.0810
5 0.6348 0.5406 0.0858 0.0652
5 0.5659 0.5821 0.0544 0.0454
5 0.4522 0.6026 0.0720 0.0543
5 0.4966 0.6132 0.0413 0.0359
5 0.5399 0.6148 0.0789 0.0643
5 0.6434 0.6020 0.0777 0.0583
5 0.5938 0.6391 0.0720 0.0606
5 0.4394 0.6582 0.1007 0.0683
5 0.3090 0.6656 0.1141 0.0787
5 0.2829 0.7143 0.0934 0.0583
5 0.1593 0.7343 0.0383 0.0304
5 0.1254 0.7377 0.0379 0.0327
3 0.0911 0.7226 0.0483 0.0330
5 0.4047 0.7453 0.0919 0.0726
5 0.3193 0.7768 0.0773 0.0689
3 0.4943 0.8414 0.0804 0.0660
3 0.5984 0.9318 0.0620 0.0534
4 0.5334 0.9307 0.0567 0.0517
4 0.1608 0.4392 0.0446 0.0345
5 0.0939 0.4561 0.0493 0.0352
5 0.2437 0.5070 0.0353 0.0267
5 0.2061 0.4830 0.0373 0.0272
5 0.1450 0.5391 0.0423 0.0295
5 0.1740 0.5719 0.0428 0.0287
5 0.0722 0.5321 0.0443 0.0271
4 0.0760 0.5045 0.0472 0.0276
5 0.0514 0.5670 0.0414 0.0267
4 0.1006 0.4804 0.0437 0.0276
5 0.0164 0.5067 0.0316 0.0306
5 0.1880 0.5420 0.0356 0.0248
5 0.0647 0.4798 0.0402 0.0302
5 0.0822 0.5792 0.0411 0.0172
5 0.0827 0.5529 0.0437 0.0276
5 0.7488 0.6321 0.0298 0.0235
5 0.1906 0.5135 0.0370 0.0262
4 0.1671 0.4905 0.0376 0.0317
5 0.1382 0.4900 0.0350 0.0284
5 0.1303 0.5743 0.0411 0.0195
