4 0.3840 0.2186 0.1916 0.1524
5 0.6531 0.4439 0.1881 0.1044
4 0.4126 0.4592 0.1916 0.1358
5 0.4626 0.6038 0.1555 0.1140
5 0.6306 0.6621 0.1549 0.1162
5 0.4517 0.7375 0.1337 0.1056
3 0.2375 0.6354 0.0861 0.0676
3 0.2853 0.6933 0.0906 0.0680
4 0.3317 0.6393 0.0648 0.0604
4 0.3661 0.7183 0.0771 0.0608
4 0.3132 0.7565 0.0666 0.0514
4 0.0295 0.7710 0.0582 0.0442
5 0.3344 0.7940 0.0594 0.0505
5 0.3450 0.8398 0.0582 0.0468
5 0.4685 0.8170 0.1114 0.0867
5 0.6136 0.8171 0.0662 0.0554
5 0.5732 0.8504 0.0735 0.0589
5 0.4977 0.8730 0.0674 0.0517
5 0.0536 0.8085 0.0567 0.0422
3 0.0181 0.7506 0.0356 0.0225
