3 0.6277 0.2741 0.1444 0.0956
3 0.6414 0.3465 0.1473 0.1218
3 0.7369 0.4075 0.1252 0.1118
3 0.6187 0.4298 0.1438 0.1013
3 0.4626 0.3459 0.1648 0.1301
3 0.4213 0.4003 0.1240 0.0991
3 0.5410 0.3607 0.0722 0.0943
4 0.6865 0.4863 0.1188 0.0668
4 0.3075 0.4112 0.1654 0.1280
3 0.7107 0.5400 0.1508 0.1140
5 0.2853 0.5143 0.1467 0.1105
5 0.4140 0.5699 0.1246 0.0900
5 0.7069 0.6298 0.1153 0.0786
5 0.7340 0.6601 0.0984 0.0459
3 0.3837 0.7927 0.1060 0.0821
3 0.7500 0.8237 0.0571 0.0603
4 0.3045 0.7759 0.1211 0.0782
