3 0.3540 0.5107 0.1925 0.1479
4 0.1568 0.5200 0.1273 0.0943
5 0.2376 0.4327 0.0730 0.0640
5 0.2822 0.5680 0.1048 0.0833
5 0.2966 0.6714 0.1693 0.1316
5 0.0753 0.6254 0.1304 0.0990
5 0.1075 0.7159 0.1343 0.1042
5 0.3020 0.7567 0.1335 0.0798
5 0.3983 0.8080 0.1770 0.1264
5 0.3063 0.8761 0.1312 0.1042
4 0.4216 0.5669 0.1118 0.0926
5 0.3719 0.4228 0.1040 0.0559
5 0.4689 0.3584 0.1071 0.0798
4 0.4631 0.4970 0.0613 0.0705
4 0.6704 0.4309 0.1126 0.0815
5 0.5268 0.4094 0.0784 0.0582
5 0.6762 0.4804 0.0854 0.0524
4 0.7345 0.5375 0.1475 0.1071
5 0.7019 0.5756 0.1196 0.0868
5 0.7549 0.8441 0.0938 0.0623
5 0.4201 0.9864 0.1259 0.0268
