5 0.8855 0.5704 0.1017 0.0716
5 0.9429 0.6027 0.0660 0.0454
5 0.8800 0.7989 0.0381 0.0210
5 0.8051 0.7512 0.0932 0.0699
5 0.7325 0.5619 0.0706 0.0664
5 0.7108 0.6784 0.1064 0.0839
5 0.6394 0.5683 0.1483 0.1060
5 0.6898 0.2382 0.1452 0.1083
5 0.5229 0.3715 0.1763 0.1246
5 0.4740 0.2318 0.1390 0.0990
5 0.4534 0.3252 0.0839 0.0693
5 0.4057 0.3907 0.0815 0.0606
5 0.2985 0.4239 0.1219 0.1025
5 0.3082 0.4862 0.1025 0.0571
5 0.3187 0.5482 0.1141 0.0844
5 0.5132 0.7634 0.0808 0.0641
5 0.4026 0.6787 0.1219 0.0961
5 0.3556 0.6417 0.0963 0.0664
3 0.1405 0.9381 0.0838 0.0664
5 0.0310 0.9448 0.0606 0.0565
3 0.0613 0.9695 0.0745 0.0536
