3 0.5383 0.1788 0.1986 0.1611
3 0.5826 0.3306 0.2405 0.1834
5 0.3814 0.6184 0.1700 0.1328
5 0.2492 0.6254 0.1130 0.0908
5 0.4012 0.7136 0.1223 0.0891
5 0.3564 0.7477 0.0932 0.0664
5 0.3439 0.8184 0.0821 0.0638
3 0.5322 0.6896 0.0815 0.0620
4 0.4816 0.7359 0.0617 0.0480
5 0.5297 0.7703 0.0639 0.0520
5 0.4820 0.8341 0.0590 0.0491
5 0.5303 0.8420 0.0521 0.0459
5 0.5349 0.8052 0.0406 0.0270
5 0.9145 0.7646 0.0747 0.0589
5 0.8875 0.7439 0.0559 0.0480
5 0.7514 0.7295 0.0594 0.0474
4 0.8408 0.6566 0.1064 0.0761
3 0.7715 0.5503 0.0965 0.0761
5 0.7393 0.6491 0.0766 0.0554
4 0.7217 0.5943 0.0873 0.0600
5 0.8416 0.6156 0.0820 0.0342
