2 0.6219 0.3614 0.2842 0.1751
2 0.4746 0.4594 0.2679 0.1922
1 0.8390 0.4767 0.1096 0.0677
2 0.9220 0.4542 0.0916 0.0756
2 0.8038 0.2551 0.0885 0.0585
2 0.7397 0.2378 0.0520 0.0410
2 0.8714 0.2452 0.0590 0.0485
2 0.7507 0.2718 0.0458 0.0376
2 0.5057 0.8309 0.1167 0.0997
1 0.4176 0.8624 0.1396 0.1186
0 0.0476 0.5880 0.0693 0.0559
0 0.0814 0.6043 0.0802 0.0574
2 0.0954 0.6105 0.0643 0.0459
1 0.0296 0.6310 0.0593 0.0574
2 0.0431 0.4265 0.0862 0.0769
2 0.0256 0.4934 0.0513 0.0315
2 0.0822 0.5060 0.0373 0.0312
2 0.3659 0.3408 0.0405 0.0332
2 0.3671 0.3723 0.0434 0.0297
2 0.4004 0.3550 0.0382 0.0426
