4 0.6915 0.0843 0.2591 0.1677
5 0.8048 0.2337 0.1665 0.1319
5 0.4158 0.3889 0.1596 0.1620
5 0.6507 0.4431 0.1462 0.1070
5 0.5835 0.5014 0.1199 0.0742
5 0.3797 0.5385 0.1072 0.0620
5 0.5395 0.5811 0.2254 0.1690
5 0.3977 0.6025 0.1526 0.1288
5 0.3179 0.6252 0.0466 0.0502
5 0.5363 0.6966 0.1118 0.0777
5 0.4519 0.6686 0.0967 0.0507
5 0.3439 0.7012 0.0565 0.0397
3 0.1037 0.7073 0.2073 0.1699
5 0.5305 0.7876 0.1898 0.1498
3 0.9809 0.7475 0.0367 0.0948
3 0.9701 0.7748 0.0582 0.0978
5 0.1313 0.9281 0.1229 0.1092
5 0.0355 0.9538 0.0699 0.0917
