5 0.9074 0.0462 0.0672 0.0553
5 0.8960 0.1239 0.0637 0.0463
5 0.9155 0.1846 0.0525 0.0391
5 0.9892 0.1307 0.0216 0.0454
5 0.3038 0.0511 0.0822 0.0709
5 0.0537 0.0598 0.1069 0.0912
3 0.6819 0.3512 0.0664 0.0509
5 0.6379 0.3593 0.0486 0.0359
5 0.5648 0.3269 0.0413 0.0295
5 0.5530 0.3955 0.0324 0.0266
4 0.7580 0.4502 0.0463 0.0423
5 0.6294 0.4519 0.0471 0.0336
4 0.5349 0.4599 0.0973 0.0715
5 0.4017 0.4179 0.0857 0.0622
4 0.4007 0.4862 0.0938 0.0721
4 0.3608 0.4558 0.0556 0.0501
5 0.2774 0.5486 0.0795 0.0591
4 0.2351 0.5464 0.0529 0.0541
4 0.3770 0.5534 0.0973 0.0709
5 0.2710 0.5941 0.0683 0.0434
5 0.2515 0.6410 0.0533 0.0423
5 0.3918 0.5922 0.0822 0.0541
5 0.4106 0.6212 0.0641 0.0408
5 0.4030 0.6533 0.0336 0.0258
5 0.3299 0.6570 0.0734 0.0593
5 0.3320 0.6919 0.0668 0.0347
5 0.5022 0.4955 0.0784 0.0599
4 0.5408 0.6278 0.0977 0.0756
5 0.5042 0.5683 0.0807 0.0620
5 0.4912 0.6372 0.0448 0.0475
5 0.4889 0.6925 0.0888 0.0660
5 0.5179 0.7322 0.0741 0.0527
5 0.5671 0.5421 0.0691 0.0570
5 0.6368 0.5615 0.0811 0.0651
5 0.6323 0.6246 0.0760 0.0611
5 0.6732 0.6770 0.0598 0.0501
4 0.6682 0.5835 0.0714 0.0576
4 0.6335 0.5026 0.0614 0.0515
5 0.7211 0.4842 0.0398 0.0287
