5 0.6444 0.4549 0.1044 0.0723
5 0.5260 0.4377 0.1105 0.0842
5 0.5050 0.5251 0.0978 0.0700
5 0.5905 0.5844 0.0661 0.0512
5 0.4925 0.5987 0.0850 0.0634
5 0.5889 0.6430 0.0700 0.0555
5 0.5103 0.6554 0.0845 0.0644
5 0.5233 0.7017 0.0709 0.0489
5 0.5748 0.6979 0.0469 0.0439
4 0.4689 0.7603 0.0323 0.0245
3 0.4388 0.7652 0.0320 0.0247
3 0.4136 0.8418 0.0258 0.0195
3 0.4279 0.8796 0.0289 0.0187
5 0.3515 0.7171 0.0342 0.0263
5 0.6563 0.6600 0.0267 0.0202
5 0.6343 0.6812 0.0239 0.0166
5 0.6219 0.6790 0.0224 0.0174
5 0.6184 0.6970 0.0199 0.0168
5 0.6611 0.6775 0.0252 0.0178
5 0.6722 0.6923 0.0237 0.0179
5 0.6790 0.7101 0.0191 0.0155
5 0.6501 0.7080 0.0179 0.0127
5 0.6675 0.7239 0.0189 0.0147
5 0.7339 0.7223 0.0151 0.0138
5 0.7030 0.7140 0.0179 0.0123
3 0.8300 0.8708 0.0220 0.0187
5 0.8052 0.8745 0.0183 0.0145
5 0.7836 0.7268 0.0243 0.0152
4 0.8607 0.8565 0.0191 0.0149
