5 0.9148 0.0127 0.0873 0.0244
5 0.8683 0.0468 0.0826 0.0718
5 0.8391 0.1093 0.0678 0.0612
5 0.7430 0.1004 0.0747 0.0623
5 0.8217 0.1654 0.0735 0.0517
5 0.7116 0.1640 0.0594 0.0592
5 0.7916 0.2181 0.0540 0.0520
5 0.7344 0.2155 0.0590 0.0543
5 0.7640 0.2584 0.0463 0.0494
5 0.7309 0.2668 0.0437 0.0482
3 0.7173 0.6388 0.0356 0.0330
4 0.5477 0.3729 0.1650 0.1789
5 0.7520 0.5241 0.0276 0.0304
5 0.7169 0.5393 0.0257 0.0259
5 0.6813 0.5835 0.0280 0.0195
5 0.5912 0.8006 0.0942 0.0643
5 0.5163 0.7870 0.0701 0.0738
5 0.4600 0.7506 0.0930 0.0936
5 0.4529 0.6866 0.1164 0.1258
5 0.5623 0.5331 0.1497 0.1381
5 0.6071 0.6036 0.1375 0.0655
5 0.3976 0.5944 0.1260 0.1240
5 0.3768 0.4920 0.1371 0.1421
