5 0.4348 0.6790 0.0405 0.0317
5 0.4147 0.6714 0.0472 0.0356
5 0.3502 0.6598 0.0524 0.0410
5 0.2985 0.6955 0.0538 0.0334
5 0.3484 0.7066 0.0501 0.0421
5 0.2979 0.7259 0.0521 0.0413
5 0.3681 0.7094 0.0426 0.0326
5 0.3172 0.7475 0.0443 0.0358
5 0.3602 0.7528 0.0481 0.0399
5 0.3338 0.7757 0.0428 0.0297
4 0.2574 0.6755 0.0591 0.0412
5 0.1889 0.6643 0.0518 0.0367
3 0.2336 0.6403 0.0643 0.0517
3 0.2070 0.6203 0.0649 0.0443
4 0.1582 0.6068 0.0565 0.0410
3 0.2881 0.6056 0.0579 0.0434
4 0.2371 0.5854 0.0585 0.0430
3 0.2174 0.5706 0.0539 0.0360
3 0.2665 0.5562 0.0536 0.0393
4 0.3033 0.5775 0.0454 0.0328
3 0.3438 0.6026 0.0541 0.0439
4 0.3772 0.6286 0.0544 0.0387
5 0.3667 0.5638 0.0408 0.0332
3 0.3429 0.5241 0.0512 0.0354
5 0.5126 0.5891 0.0466 0.0339
4 0.4719 0.5360 0.0544 0.0380
3 0.4728 0.4964 0.0556 0.0426
5 0.4023 0.5010 0.0501 0.0389
3 0.5685 0.5204 0.0594 0.0419
3 0.7249 0.5062 0.0550 0.0423
3 0.1501 0.4424 0.0258 0.0163
4 0.1311 0.4256 0.0243 0.0143
4 0.0932 0.4355 0.0214 0.0176
5 0.1433 0.2722 0.0313 0.0228
5 0.0844 0.2544 0.0356 0.0280
5 0.1371 0.2992 0.0269 0.0191
5 0.1851 0.2703 0.0252 0.0222
5 0.0518 0.2606 0.0342 0.0269
5 0.1343 0.2284 0.0365 0.0274
5 0.1741 0.2158 0.0368 0.0282
5 0.0801 0.1956 0.0472 0.0334
5 0.0657 0.2057 0.0376 0.0293
4 0.1272 0.1678 0.0426 0.0339
4 0.1566 0.1406 0.0440 0.0354
3 0.0712 0.1358 0.0423 0.0297
4 0.0992 0.1039 0.0368 0.0284
5 0.1707 0.2334 0.0339 0.0200
5 0.4170 0.4814 0.0316 0.0310
5 0.0274 0.2159 0.0206 0.0164
5 0.0272 0.2386 0.0227 0.0161
5 0.0697 0.3291 0.0186 0.0136
5 0.0443 0.3624 0.0211 0.0134
5 0.0894 0.4164 0.0166 0.0127
