4 0.9739 0.8903 0.0495 0.0529
5 0.4640 0.9616 0.0345 0.0284
5 0.4820 0.9842 0.0222 0.0192
4 0.5226 0.9745 0.0429 0.0393
3 0.6808 0.6896 0.0521 0.0371
4 0.7458 0.6599 0.0452 0.0345
5 0.7508 0.6913 0.0345 0.0273
5 0.7269 0.7175 0.0379 0.0238
5 0.5297 0.6638 0.1122 0.0772
4 0.5826 0.7116 0.0272 0.0218
5 0.4708 0.6800 0.0823 0.0741
5 0.3779 0.6981 0.1011 0.0747
3 0.5582 0.7040 0.0268 0.0169
5 0.3235 0.6496 0.1202 0.0879
5 0.5448 0.5763 0.1205 0.0915
5 0.3767 0.5659 0.1387 0.1048
4 0.5393 0.4580 0.1367 0.1033
