5 0.9148 0.2016 0.1677 0.1454
5 0.6976 0.2343 0.1700 0.1393
3 0.5185 0.2326 0.1776 0.1341
3 0.5372 0.3531 0.1660 0.1175
3 0.3331 0.4003 0.1735 0.1463
5 0.6598 0.4311 0.1339 0.1022
5 0.7593 0.3483 0.1200 0.1122
4 0.3831 0.5759 0.1615 0.1295
5 0.6256 0.5885 0.1241 0.0908
5 0.3603 0.6435 0.1251 0.0839
5 0.4886 0.6566 0.0922 0.0676
5 0.4269 0.6948 0.1094 0.0893
5 0.4592 0.7465 0.0845 0.0644
5 0.4894 0.7853 0.0762 0.0548
3 0.8632 0.7811 0.0624 0.0477
3 0.9032 0.7954 0.0528 0.0408
4 0.8322 0.8099 0.0548 0.0376
4 0.8479 0.8313 0.0578 0.0488
