4 0.5349 0.3246 0.1320 0.1112
4 0.3917 0.1368 0.1079 0.1106
4 0.3587 0.3398 0.1289 0.1031
5 0.3422 0.3954 0.0616 0.0361
5 0.2805 0.3212 0.0241 0.0163
5 0.2752 0.4355 0.0628 0.0458
5 0.0786 0.4366 0.0922 0.0665
5 0.1525 0.4480 0.0710 0.0401
5 0.1669 0.5264 0.0481 0.0339
5 0.0906 0.5495 0.0892 0.0616
5 0.4749 0.5422 0.1368 0.0982
5 0.4611 0.6695 0.1151 0.0876
5 0.3783 0.6213 0.1069 0.0819
5 0.3337 0.6816 0.0881 0.0766
5 0.4681 0.7835 0.0975 0.0718
5 0.3912 0.7749 0.0587 0.0572
5 0.4716 0.8668 0.0763 0.0647
5 0.4106 0.8372 0.0505 0.0436
5 0.9407 0.0500 0.0564 0.0489
5 0.8591 0.0751 0.0517 0.0427
5 0.7575 0.0544 0.0481 0.0383
5 0.8846 0.2237 0.0581 0.0440
5 0.8714 0.1909 0.0622 0.0480
5 0.9445 0.2692 0.0429 0.0313
5 0.9466 0.0154 0.0634 0.0308
5 0.9293 0.1262 0.0440 0.0277
5 0.8077 0.0192 0.0511 0.0365
5 0.8805 0.3461 0.0464 0.0308
5 0.8071 0.2778 0.0593 0.0440
5 0.7514 0.2814 0.0546 0.0423
5 0.6742 0.2241 0.0528 0.0467
5 0.6287 0.2461 0.0581 0.0449
5 0.7379 0.3989 0.0499 0.0361
5 0.6439 0.4137 0.0335 0.0269
5 0.6692 0.3670 0.0440 0.0374
5 0.9774 0.0953 0.0217 0.0163
5 0.9472 0.3410 0.0176 0.0172
5 0.7255 0.0865 0.0217 0.0163
5 0.7933 0.2298 0.0528 0.0388
5 0.8623 0.3349 0.0511 0.0418
4 0.3023 0.6539 0.0640 0.0440
4 0.2488 0.6851 0.0593 0.0423
4 0.2306 0.6523 0.0663 0.0480
4 0.1928 0.9172 0.0634 0.0493
5 0.6901 0.5061 0.0148 0.0127
5 0.8437 0.1122 0.0425 0.0339
5 0.8137 0.3324 0.0500 0.0390
5 0.6857 0.3005 0.0439 0.0309
5 0.6928 0.2656 0.0459 0.0359
