4 0.2120 0.8331 0.0617 0.0485
5 0.1625 0.8569 0.0606 0.0524
3 0.1229 0.8270 0.0641 0.0511
3 0.9596 0.7149 0.0780 0.0603
5 0.9556 0.7680 0.0850 0.0572
5 0.9503 0.8189 0.0734 0.0515
5 0.9809 0.8193 0.0355 0.0507
5 0.6164 0.8110 0.1706 0.1284
5 0.5413 0.9060 0.1520 0.1288
5 0.4032 0.9228 0.1287 0.1188
5 0.3637 0.8409 0.1741 0.1245
5 0.4024 0.7232 0.2038 0.1424
5 0.6807 0.6564 0.1817 0.1371
3 0.4327 0.5588 0.2096 0.1577
3 0.6775 0.4717 0.1648 0.1336
5 0.9608 0.3332 0.0769 0.1284
5 0.9454 0.3651 0.1066 0.0952
5 0.9829 0.1653 0.0326 0.0948
5 0.9649 0.2133 0.0687 0.0721
5 0.2325 0.0679 0.0810 0.0617
5 0.1702 0.0812 0.0815 0.0667
5 0.1834 0.1380 0.0753 0.0548
5 0.2497 0.1425 0.0617 0.0558
5 0.2543 0.1943 0.0401 0.0492
5 0.3688 0.1214 0.0665 0.0518
5 0.3855 0.1658 0.0418 0.0396
5 0.3672 0.0672 0.0432 0.0584
5 0.2050 0.0168 0.0956 0.0337
5 0.3569 0.1933 0.0498 0.0413
