3 0.7017 0.2673 0.1316 0.1144
3 0.6108 0.2361 0.1223 0.0965
3 0.6161 0.3276 0.1118 0.0952
4 0.7491 0.3500 0.1275 0.1000
3 0.5913 0.3745 0.1159 0.1044
5 0.7512 0.4485 0.1211 0.0943
5 0.6091 0.4771 0.1083 0.0860
5 0.7360 0.5348 0.1025 0.0817
3 0.3372 0.3942 0.1003 0.0782
3 0.1912 0.4056 0.1241 0.0965
4 0.3737 0.4599 0.0942 0.0691
4 0.2641 0.4679 0.0998 0.0813
4 0.3469 0.5085 0.1023 0.0820
3 0.0444 0.3768 0.0330 0.0205
3 0.0564 0.3935 0.0290 0.0195
3 0.8943 0.3184 0.0393 0.0310
3 0.8865 0.2999 0.0350 0.0240
4 0.8393 0.3322 0.0300 0.0282
5 0.8338 0.3537 0.0323 0.0242
4 0.8971 0.3412 0.0370 0.0242
3 0.6294 0.8107 0.0689 0.0647
3 0.5702 0.8117 0.0516 0.0322
5 0.5895 0.7946 0.0443 0.0335
3 0.6660 0.9188 0.0856 0.0677
3 0.6571 0.9497 0.0743 0.0587
3 0.7168 0.9864 0.0881 0.0264
5 0.3165 0.2415 0.0302 0.0230
5 0.3323 0.2544 0.0276 0.0207
5 0.3481 0.2682 0.0230 0.0185
5 0.3006 0.2556 0.0253 0.0152
