3 0.7189 0.3524 0.1951 0.1223
3 0.5305 0.4998 0.1433 0.1288
3 0.6647 0.4758 0.1345 0.1192
4 0.4836 0.5861 0.0693 0.0708
4 0.5509 0.6051 0.1246 0.1079
4 0.6516 0.6263 0.1235 0.1197
5 0.7375 0.5830 0.1543 0.1267
5 0.5069 0.6512 0.0623 0.0585
5 0.5669 0.6990 0.1031 0.1009
5 0.5232 0.7127 0.0658 0.0917
5 0.6429 0.7254 0.1130 0.0987
5 0.7061 0.7582 0.0658 0.0664
5 0.7724 0.7012 0.1450 0.1122
5 0.8097 0.7221 0.1124 0.1026
5 0.7491 0.8141 0.0576 0.0681
5 0.7151 0.8879 0.1071 0.1013
5 0.8706 0.8383 0.1269 0.0991
5 0.8924 0.9180 0.1182 0.1109
3 0.5534 0.9460 0.0527 0.0410
3 0.4894 0.9435 0.0481 0.0452
3 0.4005 0.8982 0.0435 0.0410
3 0.4005 0.9388 0.0405 0.0486
5 0.0281 0.4210 0.0380 0.0330
3 0.3932 0.4652 0.0420 0.0372
4 0.3917 0.4937 0.0370 0.0311
4 0.4322 0.4962 0.0339 0.0323
5 0.0413 0.4726 0.0319 0.0292
5 0.3805 0.5167 0.0360 0.0308
