5 0.9314 0.1208 0.1357 0.1900
5 0.8132 0.1961 0.0751 0.0830
3 0.7553 0.2461 0.2353 0.1865
3 0.7040 0.3780 0.2061 0.1516
3 0.5392 0.4258 0.1887 0.1660
3 0.2300 0.4675 0.0769 0.1035
4 0.4472 0.5354 0.1095 0.0943
4 0.2903 0.6164 0.2102 0.1550
5 0.5998 0.5387 0.1561 0.1166
5 0.5442 0.6082 0.1205 0.0860
5 0.5072 0.6973 0.1759 0.1341
5 0.3423 0.7347 0.1610 0.1287
5 0.4489 0.7472 0.0987 0.0832
5 0.5719 0.7421 0.1048 0.0828
5 0.5033 0.8273 0.1367 0.0930
5 0.4800 0.8978 0.1752 0.1481
5 0.4823 0.9718 0.1352 0.0555
5 0.3433 0.9428 0.1114 0.0968
3 0.1834 0.8054 0.0712 0.0537
3 0.1283 0.8476 0.0882 0.0582
5 0.1571 0.8683 0.0546 0.0417
