4 0.5634 0.3448 0.1497 0.1122
3 0.2804 0.3586 0.1916 0.1476
4 0.4824 0.4367 0.1567 0.1118
5 0.4862 0.5909 0.1537 0.1083
5 0.4985 0.7239 0.1258 0.1026
5 0.3147 0.6996 0.1636 0.1179
5 0.3165 0.7945 0.1428 0.0942
5 0.4674 0.8040 0.1154 0.0866
5 0.3932 0.8575 0.0714 0.0577
5 0.3015 0.8795 0.1038 0.0805
5 0.0660 0.8730 0.0555 0.0439
4 0.1330 0.8168 0.0440 0.0366
4 0.0539 0.7860 0.0524 0.0370
5 0.0816 0.3063 0.0414 0.0319
5 0.1216 0.3561 0.0387 0.0276
5 0.1342 0.3862 0.0371 0.0253
5 0.0450 0.3723 0.0433 0.0301
5 0.0345 0.3521 0.0398 0.0247
5 0.0804 0.4025 0.0360 0.0278
5 0.1177 0.4253 0.0326 0.0224
5 0.0136 0.4027 0.0272 0.0296
5 0.1237 0.7106 0.0306 0.0233
3 0.1160 0.6933 0.0329 0.0238
5 0.1656 0.8701 0.0394 0.0362
5 0.0683 0.8306 0.0494 0.0359
5 0.0197 0.8794 0.0394 0.0416
3 0.0113 0.8543 0.0226 0.0396
5 0.1903 0.7862 0.0345 0.0247
5 0.1373 0.9133 0.0402 0.0319
5 0.0771 0.9649 0.0440 0.0385
5 0.1160 0.9633 0.0390 0.0353
4 0.1396 0.7738 0.0264 0.0256
