3 0.0379 0.3784 0.0757 0.1018
3 0.4487 0.2882 0.2556 0.1992
3 0.3139 0.3439 0.1910 0.1524
3 0.1814 0.4295 0.1531 0.1053
3 0.5998 0.4125 0.1735 0.1437
5 0.1858 0.5009 0.0932 0.0480
3 0.7005 0.4525 0.1269 0.0978
4 0.7622 0.5337 0.1363 0.0935
3 0.4903 0.5156 0.2038 0.1498
4 0.6100 0.5658 0.1322 0.0991
5 0.7817 0.6300 0.0705 0.0721
5 0.0478 0.5464 0.0547 0.0332
5 0.1767 0.5531 0.0926 0.0555
5 0.2393 0.5710 0.0955 0.0642
4 0.3252 0.5003 0.1485 0.1210
4 0.4280 0.5961 0.1642 0.1135
5 0.7206 0.6396 0.1252 0.1009
5 0.6350 0.6420 0.0972 0.0847
4 0.6862 0.5335 0.0809 0.0782
5 0.6842 0.7278 0.0640 0.0738
5 0.7366 0.7420 0.1293 0.0961
5 0.7157 0.8224 0.1176 0.0874
3 0.2217 0.8467 0.0859 0.0667
3 0.1719 0.8896 0.0973 0.0740
3 0.0678 0.9471 0.1118 0.0898
5 0.1704 0.9767 0.0916 0.0459
