5 0.9565 0.6260 0.0854 0.0932
5 0.8731 0.6318 0.1141 0.0780
3 0.9526 0.9693 0.0776 0.0576
5 0.7675 0.6813 0.0722 0.0594
5 0.7364 0.7119 0.0520 0.0425
5 0.7314 0.6018 0.0606 0.0472
5 0.6859 0.6397 0.0691 0.0507
3 0.6894 0.3002 0.2003 0.1543
3 0.3544 0.3130 0.2275 0.1671
3 0.0279 0.6621 0.0544 0.1036
5 0.5792 0.4318 0.1662 0.1240
5 0.3750 0.5159 0.1879 0.1328
5 0.5571 0.6414 0.1514 0.1159
5 0.4037 0.7133 0.1584 0.1165
5 0.5640 0.8045 0.1483 0.1135
5 0.5831 0.8682 0.0916 0.0524
5 0.4949 0.8420 0.0908 0.0862
5 0.4293 0.8074 0.1273 0.0938
