3 0.6670 0.3983 0.1243 0.0927
3 0.7920 0.5567 0.1454 0.0943
3 0.2923 0.6127 0.1009 0.0774
3 0.1525 0.4093 0.1032 0.0785
4 0.6519 0.5158 0.1077 0.0813
4 0.1887 0.6327 0.0957 0.0689
5 0.6274 0.5952 0.0979 0.0763
5 0.5939 0.6443 0.0881 0.0616
5 0.6930 0.6598 0.1235 0.0859
5 0.6433 0.7228 0.0994 0.0819
5 0.5668 0.7208 0.0670 0.0712
3 0.1989 0.5358 0.1009 0.0718
4 0.1273 0.4822 0.0934 0.0695
5 0.0644 0.5257 0.0866 0.0537
5 0.0919 0.6158 0.0783 0.0531
5 0.2184 0.6957 0.0814 0.0627
5 0.3149 0.7016 0.0723 0.0520
