4 0.3465 0.3450 0.2492 0.1799
3 0.6202 0.2961 0.2585 0.2035
5 0.6551 0.4352 0.1374 0.1088
5 0.5581 0.4710 0.2137 0.1533
5 0.3011 0.5588 0.2026 0.1446
5 0.5488 0.6217 0.1683 0.1210
5 0.5022 0.7211 0.1229 0.0970
3 0.4091 0.6606 0.0984 0.0712
3 0.3447 0.6536 0.0804 0.0668
3 0.3683 0.7176 0.1170 0.0760
5 0.3567 0.7687 0.1019 0.0760
5 0.0285 0.6392 0.0571 0.0450
5 0.1118 0.6643 0.0478 0.0341
4 0.2344 0.7818 0.0891 0.0734
5 0.4388 0.7547 0.0693 0.0629
3 0.3161 0.8314 0.0440 0.0353
5 0.4511 0.8101 0.0401 0.0403
5 0.1675 0.8061 0.0806 0.0608
5 0.1785 0.8403 0.0656 0.0472
5 0.0719 0.5865 0.0623 0.0533
5 0.4929 0.5461 0.0914 0.0563
5 0.6082 0.5619 0.0635 0.0249
