5 0.7282 0.0389 0.1147 0.0777
5 0.6874 0.0981 0.0821 0.0721
5 0.6592 0.1308 0.0326 0.0258
3 0.5576 0.1395 0.1147 0.1000
3 0.3604 0.1609 0.0943 0.0825
3 0.5264 0.2128 0.0938 0.0895
3 0.4703 0.2407 0.0784 0.0819
3 0.3205 0.2475 0.1189 0.0941
4 0.3593 0.3002 0.1101 0.0707
4 0.3258 0.3474 0.1180 0.0905
5 0.4568 0.3142 0.0911 0.0703
5 0.4154 0.3588 0.0770 0.0452
5 0.4350 0.3941 0.0986 0.0717
5 0.3472 0.4217 0.1008 0.0687
5 0.3767 0.4417 0.0744 0.0525
5 0.4319 0.4461 0.0608 0.0456
5 0.4397 0.4944 0.0938 0.0687
5 0.3853 0.4957 0.0423 0.0528
3 0.0881 0.4091 0.0383 0.0244
5 0.4208 0.5483 0.0789 0.0543
5 0.3343 0.5650 0.0689 0.0491
5 0.3796 0.5937 0.0578 0.0468
5 0.9863 0.9275 0.0268 0.0540
3 0.4281 0.7743 0.1195 0.0950
3 0.5021 0.7575 0.0701 0.0580
3 0.6044 0.8132 0.0815 0.0787
3 0.5383 0.8234 0.1187 0.0968
3 0.5182 0.9268 0.1413 0.1186
3 0.0290 0.6198 0.0574 0.0482
3 0.0701 0.5848 0.0582 0.0383
