5 0.0547 0.0808 0.1095 0.1345
5 0.3293 0.0961 0.0483 0.0419
5 0.0542 0.2734 0.1072 0.0952
5 0.0753 0.3284 0.1162 0.0710
5 0.0264 0.3395 0.0520 0.0680
5 0.0275 0.3862 0.0542 0.0386
5 0.0892 0.4158 0.0955 0.0634
5 0.0542 0.4691 0.1083 0.0796
5 0.0821 0.5313 0.0938 0.0627
5 0.0273 0.5597 0.0546 0.0601
5 0.0209 0.6651 0.0410 0.0601
5 0.1145 0.6463 0.0551 0.0330
5 0.0500 0.6753 0.0624 0.0514
3 0.5447 0.3835 0.0914 0.0725
3 0.5581 0.4238 0.1089 0.1114
3 0.6536 0.4806 0.1345 0.0965
5 0.6854 0.5472 0.0792 0.0725
3 0.5881 0.5953 0.1549 0.0978
3 0.3794 0.5743 0.1182 0.0961
3 0.2711 0.5614 0.1310 0.0895
3 0.2708 0.6593 0.1456 0.1079
3 0.4271 0.6558 0.1368 0.1044
5 0.4091 0.7433 0.0728 0.0838
5 0.4848 0.8080 0.1217 0.1013
5 0.5628 0.8049 0.0623 0.0812
5 0.7515 0.9665 0.0728 0.0646
5 0.3375 0.7130 0.0751 0.0590
