3 0.9717 0.9052 0.0567 0.0996
3 0.9247 0.7756 0.1242 0.0897
5 0.8828 0.9666 0.1009 0.0652
4 0.7896 0.8877 0.1087 0.0868
5 0.7624 0.9192 0.0916 0.0670
5 0.8125 0.9856 0.0629 0.0274
5 0.7310 0.9789 0.0753 0.0408
3 0.5734 0.3447 0.2290 0.1654
3 0.6444 0.1884 0.2826 0.2219
3 0.2989 0.4824 0.2205 0.1601
5 0.6572 0.8021 0.1203 0.1007
5 0.5318 0.8409 0.1335 0.1083
5 0.4953 0.6601 0.1584 0.1229
5 0.4328 0.7654 0.1561 0.1229
5 0.4010 0.8444 0.1095 0.0687
5 0.3288 0.8024 0.1095 0.0559
5 0.3164 0.7317 0.1312 0.1042
3 0.1749 0.8833 0.0887 0.0678
4 0.1919 0.9475 0.0898 0.0748
3 0.3774 0.8795 0.0699 0.0506
3 0.2644 0.8932 0.0787 0.0586
3 0.2782 0.8540 0.0710 0.0568
5 0.0633 0.8155 0.0605 0.0432
5 0.0293 0.7701 0.0570 0.0502
4 0.3505 0.9444 0.0743 0.0638
