5 0.6379 0.9050 0.1657 0.1228
5 0.5661 0.8263 0.2029 0.1567
5 0.9397 0.7517 0.1165 0.1054
5 0.8519 0.6455 0.1577 0.1235
5 0.6731 0.6677 0.2340 0.1755
5 0.8468 0.5069 0.1717 0.1386
5 0.6992 0.4681 0.1577 0.1243
5 0.5521 0.6919 0.1024 0.1107
5 0.5556 0.5389 0.1717 0.1348
5 0.2231 0.7581 0.1476 0.1213
5 0.2493 0.8169 0.1255 0.0701
5 0.6053 0.2821 0.2209 0.1665
5 0.5420 0.4135 0.1326 0.1100
5 0.3115 0.2516 0.1657 0.0934
5 0.3050 0.3627 0.2189 0.1695
5 0.2769 0.5273 0.2129 0.1506
5 0.1006 0.5465 0.1537 0.1137
5 0.1112 0.7310 0.0944 0.0685
5 0.3301 0.6109 0.1707 0.1205
5 0.3803 0.6734 0.1245 0.0814
5 0.3748 0.7408 0.0633 0.0535
5 0.1368 0.6421 0.1235 0.0836
