4 0.2729 0.1188 0.1825 0.1386
4 0.3272 0.3203 0.1995 0.1467
5 0.5567 0.2612 0.1957 0.1566
5 0.6021 0.5442 0.1669 0.1240
5 0.4091 0.4886 0.1677 0.1223
5 0.4274 0.6589 0.1576 0.1217
5 0.6360 0.7895 0.0822 0.0669
5 0.6014 0.8619 0.0939 0.0718
5 0.4663 0.7765 0.1350 0.1132
5 0.5107 0.8681 0.0839 0.0683
5 0.5195 0.9288 0.0663 0.0550
3 0.3417 0.8342 0.0977 0.0756
3 0.2354 0.8067 0.1052 0.0806
3 0.1725 0.7481 0.0941 0.0806
4 0.2893 0.7450 0.0915 0.0663
4 0.2815 0.8893 0.0830 0.0626
5 0.3126 0.9675 0.0795 0.0646
5 0.3983 0.9797 0.0546 0.0396
