2 0.0380 0.6153 0.0657 0.0533
2 0.0305 0.5698 0.0471 0.0423
2 0.1708 0.2931 0.0402 0.0275
2 0.1301 0.3185 0.0436 0.0156
2 0.1027 0.3111 0.0359 0.0206
2 0.5866 0.2325 0.0446 0.0315
2 0.5640 0.2546 0.0544 0.0385
2 0.5339 0.2139 0.0299 0.0229
2 0.5035 0.2298 0.0517 0.0393
2 0.4671 0.2732 0.0547 0.0403
2 0.6224 0.5265 0.0443 0.0370
2 0.6564 0.4645 0.0265 0.0196
2 0.5999 0.4699 0.0604 0.0496
2 0.5586 0.5326 0.0866 0.0667
2 0.5165 0.5792 0.0655 0.0501
2 0.4517 0.5581 0.0480 0.0352
2 0.4648 0.5173 0.1051 0.0795
