4 0.2989 0.3398 0.1693 0.1333
4 0.3451 0.4376 0.1266 0.0984
5 0.4592 0.5593 0.0582 0.0844
5 0.3913 0.5643 0.1320 0.1060
5 0.4872 0.6411 0.0940 0.0676
5 0.4748 0.6871 0.1188 0.0990
5 0.5144 0.7611 0.1017 0.0827
5 0.5109 0.8307 0.0870 0.0693
5 0.4616 0.8120 0.0489 0.0577
4 0.7290 0.5849 0.0668 0.0437
3 0.7426 0.5296 0.0582 0.0413
4 0.6541 0.5351 0.0613 0.0442
5 0.6262 0.5779 0.0551 0.0402
5 0.6013 0.6207 0.0520 0.0384
5 0.7057 0.6368 0.0621 0.0355
5 0.6949 0.6758 0.0512 0.0344
4 0.6696 0.5084 0.0582 0.0373
