4 0.3424 0.2096 0.2065 0.1339
4 0.2337 0.4132 0.1724 0.1403
4 0.4883 0.2760 0.1755 0.1409
4 0.5112 0.4155 0.1669 0.1438
4 0.4713 0.4562 0.1335 0.1170
4 0.2333 0.5206 0.1499 0.1083
4 0.2733 0.6245 0.1196 0.0961
4 0.5765 0.5218 0.1452 0.1234
5 0.5586 0.6079 0.1064 0.0920
4 0.4553 0.6056 0.1266 0.1072
5 0.4348 0.6982 0.0932 0.0675
5 0.2849 0.6787 0.0994 0.0740
4 0.7143 0.2655 0.1879 0.1374
4 0.7318 0.3849 0.1638 0.1200
4 0.7418 0.4932 0.1436 0.1106
5 0.7842 0.5907 0.1180 0.0961
5 0.7162 0.6420 0.0924 0.0740
5 0.8245 0.6959 0.0792 0.0757
5 0.7764 0.6740 0.0652 0.0541
