3 0.4706 0.3668 0.1052 0.0743
3 0.4923 0.4334 0.0883 0.0674
4 0.4183 0.4353 0.0802 0.0643
3 0.3861 0.3829 0.0904 0.0712
4 0.5510 0.3446 0.0536 0.0345
4 0.5120 0.2378 0.0500 0.0398
5 0.5344 0.3792 0.0470 0.0356
4 0.3432 0.4483 0.0832 0.0582
5 0.3378 0.4864 0.0830 0.0463
4 0.4144 0.4909 0.0757 0.0541
5 0.3633 0.5295 0.0475 0.0509
5 0.3195 0.5200 0.0533 0.0481
5 0.3947 0.5381 0.0764 0.0582
5 0.2980 0.5661 0.0459 0.0483
5 0.3401 0.5793 0.0745 0.0533
4 0.4675 0.5292 0.0822 0.0625
5 0.5206 0.4855 0.0795 0.0567
5 0.5877 0.5036 0.0679 0.0524
5 0.5906 0.5495 0.0683 0.0469
5 0.5302 0.5621 0.0733 0.0576
3 0.6862 0.4699 0.0718 0.0504
3 0.6837 0.5178 0.0768 0.0507
4 0.7375 0.5174 0.0386 0.0411
5 0.7211 0.5525 0.0521 0.0379
4 0.6815 0.5417 0.0687 0.0307
3 0.5800 0.6436 0.0448 0.0394
3 0.5804 0.6769 0.0579 0.0417
4 0.5775 0.7157 0.0544 0.0405
4 0.5401 0.7442 0.0560 0.0431
4 0.5333 0.7157 0.0386 0.0295
3 0.7400 0.8695 0.0529 0.0426
3 0.6887 0.8554 0.0374 0.0362
3 0.6819 0.8403 0.0471 0.0344
