3 0.9713 0.2146 0.0559 0.0600
3 0.9620 0.2358 0.0745 0.0547
3 0.9037 0.2682 0.0776 0.0577
3 0.9511 0.3153 0.0870 0.0611
3 0.4748 0.2175 0.2042 0.1648
3 0.4779 0.4120 0.1964 0.1497
3 0.3199 0.3404 0.1910 0.1462
3 0.2807 0.4752 0.1856 0.1328
3 0.2721 0.5375 0.1467 0.0710
3 0.4383 0.5273 0.1654 0.1287
4 0.5815 0.4816 0.1662 0.1200
5 0.6817 0.5791 0.1693 0.1101
5 0.7593 0.6254 0.1739 0.1293
5 0.7224 0.7005 0.1530 0.1130
5 0.5334 0.6076 0.1553 0.1077
5 0.6048 0.6865 0.1180 0.1013
5 0.5827 0.7497 0.1266 0.0786
5 0.5493 0.7943 0.1064 0.0769
5 0.4608 0.7486 0.1297 0.0984
5 0.4208 0.6507 0.1367 0.1112
