2 0.2441 0.3032 0.1107 0.1051
2 0.3138 0.3068 0.0502 0.0405
2 0.2554 0.3568 0.0674 0.0290
2 0.3454 0.3575 0.1225 0.0902
2 0.3398 0.2492 0.0496 0.0384
1 0.3864 0.4744 0.0665 0.0565
2 0.2686 0.6704 0.1321 0.1106
2 0.1447 0.6777 0.1202 0.0988
2 0.2265 0.8112 0.0494 0.0425
1 0.1792 0.8353 0.0782 0.0586
2 0.3927 0.8825 0.0900 0.0610
2 0.4353 0.8359 0.1427 0.1170
2 0.4793 0.7758 0.1172 0.0860
1 0.5602 0.8258 0.1031 0.1012
1 0.3480 0.8284 0.0596 0.0686
2 0.6651 0.3710 0.1651 0.1549
2 0.8172 0.3484 0.1735 0.1374
2 0.8837 0.3912 0.1427 0.1133
2 0.6825 0.4627 0.0793 0.0377
2 0.7882 0.4630 0.1497 0.0971
2 0.5737 0.3273 0.0581 0.0462
2 0.5403 0.3022 0.0528 0.0423
