5 0.8020 0.6420 0.1398 0.1042
5 0.6545 0.4152 0.2252 0.1596
5 0.5703 0.2536 0.1980 0.1543
5 0.4802 0.5509 0.0846 0.0734
5 0.4899 0.4629 0.1087 0.1199
5 0.4130 0.5334 0.0870 0.0792
5 0.3350 0.5803 0.1731 0.1264
5 0.4526 0.8947 0.0466 0.0413
5 0.3548 0.9230 0.0606 0.0501
5 0.3529 0.7127 0.1234 0.0978
5 0.2702 0.7602 0.0932 0.0809
5 0.1778 0.6935 0.1708 0.0885
5 0.1622 0.7989 0.2065 0.1619
5 0.0834 0.8400 0.0707 0.0705
5 0.0570 0.8540 0.0706 0.0588
5 0.1339 0.5349 0.2011 0.1497
5 0.2166 0.3893 0.2438 0.1764
5 0.0652 0.4696 0.1273 0.1031
