3 0.4373 0.2998 0.1596 0.1280
5 0.0489 0.3623 0.0955 0.0703
4 0.5162 0.4335 0.1345 0.1044
5 0.0218 0.4254 0.0425 0.0568
4 0.3203 0.4605 0.1759 0.1315
3 0.4347 0.5416 0.0938 0.0708
4 0.3899 0.5809 0.0670 0.0541
5 0.6241 0.5754 0.1405 0.1126
5 0.4843 0.5804 0.1427 0.1133
5 0.5226 0.6542 0.1400 0.1030
5 0.6138 0.7112 0.1127 0.0862
5 0.4170 0.6577 0.0793 0.0637
5 0.5341 0.7272 0.0812 0.0629
5 0.3417 0.6931 0.0724 0.0566
5 0.3812 0.7213 0.0570 0.0379
5 0.4497 0.7305 0.0555 0.0390
5 0.3884 0.7498 0.0693 0.0546
5 0.4472 0.8013 0.1394 0.1088
5 0.5563 0.8161 0.1095 0.0925
