2 0.1992 0.2296 0.1099 0.1090
2 0.2367 0.2677 0.1514 0.1177
2 0.3149 0.2869 0.1114 0.1120
2 0.7309 0.3171 0.1767 0.1337
2 0.5927 0.3517 0.1656 0.1185
2 0.4984 0.6811 0.1612 0.1219
2 0.6369 0.6720 0.1202 0.0951
2 0.5704 0.7488 0.1105 0.0882
1 0.4863 0.8877 0.0955 0.0806
2 0.5372 0.9189 0.0819 0.0703
2 0.2439 0.6320 0.0436 0.0614
2 0.2510 0.6846 0.0779 0.0652
2 0.2963 0.6859 0.0373 0.0395
2 0.2604 0.7140 0.0759 0.0387
2 0.0912 0.5963 0.0466 0.0235
2 0.1257 0.6075 0.0303 0.0220
1 0.0931 0.6126 0.0396 0.0192
1 0.1102 0.5787 0.0226 0.0297
2 0.0761 0.4865 0.0476 0.0412
2 0.0290 0.3470 0.0473 0.0322
2 0.0688 0.3350 0.0563 0.0267
