4 0.7469 0.3348 0.1863 0.1386
4 0.5035 0.3907 0.1747 0.1351
4 0.5439 0.2542 0.1452 0.1252
4 0.3292 0.3066 0.1677 0.1275
5 0.2612 0.4303 0.1530 0.1165
5 0.2011 0.5217 0.1273 0.0839
5 0.4643 0.4746 0.1646 0.1130
5 0.3820 0.5771 0.1149 0.0990
5 0.2395 0.5797 0.1033 0.0740
5 0.2717 0.6324 0.0668 0.0582
5 0.3265 0.6452 0.1079 0.0873
5 0.4946 0.5948 0.1615 0.1194
5 0.4965 0.7023 0.1545 0.1095
4 0.7220 0.4929 0.1646 0.1240
5 0.6805 0.6047 0.1390 0.1007
5 0.7030 0.7119 0.1297 0.0903
5 0.6180 0.7512 0.1009 0.0792
5 0.5582 0.8039 0.0901 0.0635
5 0.5163 0.7754 0.1258 0.0763
