2 0.3254 0.2526 0.0643 0.0456
2 0.2118 0.2546 0.0757 0.0660
2 0.1594 0.2766 0.0731 0.0538
2 0.2065 0.3032 0.0599 0.0442
1 0.2284 0.4392 0.0594 0.0416
2 0.1943 0.4704 0.0655 0.0546
2 0.2795 0.4727 0.0789 0.0551
2 0.3107 0.4293 0.0662 0.0471
1 0.1951 0.5732 0.0509 0.0333
2 0.1995 0.5999 0.0505 0.0322
2 0.5881 0.5917 0.0743 0.0525
2 0.6071 0.6300 0.0494 0.0333
1 0.5473 0.6381 0.0915 0.0741
2 0.6120 0.6850 0.0877 0.0841
1 0.9300 0.8379 0.0927 0.0695
2 0.9660 0.8945 0.0674 0.0569
2 0.8770 0.2882 0.1246 0.0935
2 0.6882 0.1569 0.0525 0.0457
2 0.6748 0.2190 0.0256 0.0181
2 0.6522 0.1813 0.0578 0.0474
1 0.0109 0.4587 0.0218 0.0250
