5 0.2603 0.1700 0.0337 0.0299
5 0.1947 0.1202 0.0771 0.0597
5 0.1972 0.0720 0.0618 0.0498
5 0.0847 0.0588 0.0919 0.0685
5 0.0290 0.0994 0.0480 0.0394
5 0.1030 0.1476 0.0439 0.0302
4 0.0515 0.1600 0.0470 0.0352
5 0.1972 0.2035 0.0444 0.0394
5 0.1385 0.2048 0.0557 0.0375
5 0.1788 0.2627 0.0363 0.0337
5 0.1418 0.2726 0.0521 0.0368
5 0.1232 0.2950 0.0689 0.0479
5 0.1268 0.3339 0.0526 0.0314
3 0.2922 0.5240 0.0934 0.0563
4 0.2952 0.5772 0.0965 0.0632
4 0.3514 0.6224 0.0883 0.0578
4 0.2044 0.6126 0.1057 0.0789
3 0.2363 0.6813 0.1123 0.0647
4 0.2299 0.7325 0.1108 0.0827
3 0.6485 0.2311 0.0955 0.0724
5 0.5735 0.2470 0.0832 0.0505
5 0.6258 0.2985 0.0909 0.0693
5 0.5727 0.2845 0.0715 0.0613
5 0.5569 0.3344 0.0776 0.0540
5 0.5952 0.3586 0.0613 0.0509
5 0.6197 0.3779 0.0745 0.0536
5 0.6391 0.4015 0.0735 0.0548
5 0.7179 0.1394 0.0995 0.0812
5 0.7149 0.2784 0.0730 0.0574
5 0.7486 0.3038 0.0710 0.0394
5 0.7481 0.3209 0.0730 0.0375
5 0.7761 0.2835 0.0536 0.0387
4 0.8770 0.0609 0.0572 0.0467
5 0.9444 0.0197 0.0899 0.0379
5 0.7848 0.2104 0.0842 0.0708
5 0.8208 0.1323 0.0439 0.0394
5 0.8719 0.1216 0.0694 0.0640
5 0.9265 0.1206 0.0888 0.0689
5 0.9068 0.2008 0.0526 0.0379
5 0.8499 0.2640 0.0756 0.0617
5 0.8790 0.2952 0.0796 0.0590
5 0.8614 0.3172 0.0607 0.0394
3 0.9890 0.4062 0.0220 0.0383
4 0.8798 0.3961 0.0342 0.0310
5 0.9267 0.3666 0.0414 0.0280
5 0.9604 0.0892 0.0638 0.0421
5 0.8678 0.3676 0.0613 0.0413
5 0.8468 0.3971 0.0470 0.0322
5 0.7654 0.1800 0.0444 0.0314
5 0.3726 0.7459 0.0398 0.0337
