3 0.3907 0.4234 0.0873 0.0616
3 0.3543 0.4573 0.1100 0.0804
3 0.5640 0.3142 0.0891 0.0659
3 0.0999 0.2808 0.0716 0.0585
4 0.0512 0.2858 0.0536 0.0459
5 0.1296 0.3398 0.0600 0.0463
5 0.0722 0.3566 0.0559 0.0441
5 0.1374 0.3817 0.0582 0.0384
5 0.0772 0.3913 0.0542 0.0341
5 0.1275 0.4180 0.0501 0.0349
5 0.0943 0.4273 0.0431 0.0301
3 0.7567 0.3016 0.0809 0.0738
4 0.6306 0.3867 0.0722 0.0546
4 0.7800 0.4033 0.0786 0.0555
3 0.5759 0.5055 0.0827 0.0659
5 0.6609 0.4769 0.0536 0.0402
5 0.7538 0.4487 0.0635 0.0441
3 0.4516 0.5304 0.0751 0.0581
4 0.5742 0.5474 0.0699 0.0459
4 0.3689 0.5357 0.0961 0.0703
5 0.6283 0.5946 0.0769 0.0607
5 0.5675 0.6018 0.0518 0.0454
4 0.5037 0.6068 0.0850 0.0572
5 0.6656 0.6977 0.0675 0.0546
5 0.4472 0.6300 0.0722 0.0502
5 0.6621 0.8208 0.0221 0.0205
3 0.6793 0.9881 0.0553 0.0232
5 0.5284 0.7992 0.0483 0.0384
5 0.4693 0.6861 0.0722 0.0576
5 0.3054 0.6326 0.0798 0.0581
5 0.3392 0.7045 0.0413 0.0332
5 0.2606 0.7298 0.0588 0.0463
3 0.0181 0.6585 0.0352 0.0410
4 0.0997 0.7308 0.0550 0.0383
5 0.1482 0.7434 0.0436 0.0350
5 0.0310 0.7027 0.0480 0.0310
4 0.1907 0.6923 0.0502 0.0373
5 0.2331 0.6307 0.0401 0.0357
5 0.2219 0.6686 0.0379 0.0300
4 0.1814 0.6682 0.0458 0.0287
5 0.1891 0.6354 0.0453 0.0258
5 0.2631 0.6753 0.0286 0.0225
5 0.0557 0.6596 0.0374 0.0294
5 0.0132 0.7333 0.0264 0.0294
5 0.0341 0.8059 0.0295 0.0241
4 0.1022 0.6268 0.0449 0.0297
5 0.0713 0.6210 0.0255 0.0208
5 0.2926 0.6629 0.0374 0.0221
5 0.2296 0.7120 0.0348 0.0257
5 0.2420 0.7981 0.0182 0.0156
