5 0.1112 0.0354 0.1386 0.0707
5 0.0667 0.0976 0.1333 0.1122
5 0.3377 0.1286 0.1316 0.1079
5 0.0472 0.2002 0.0943 0.0834
5 0.2268 0.2284 0.1345 0.1083
5 0.1165 0.2834 0.0943 0.0734
4 0.4423 0.2885 0.1147 0.0930
3 0.6114 0.2754 0.1223 0.0921
5 0.5599 0.3634 0.0996 0.0751
5 0.4067 0.4016 0.0926 0.0694
5 0.5223 0.4201 0.0897 0.0681
5 0.3936 0.4514 0.0850 0.0563
5 0.4874 0.4784 0.0734 0.0520
5 0.4178 0.5020 0.0600 0.0467
4 0.0460 0.7455 0.0419 0.0332
3 0.4979 0.8713 0.0804 0.0681
4 0.4339 0.7686 0.0630 0.0512
5 0.4071 0.7952 0.0489 0.0370
5 0.3758 0.8158 0.0603 0.0466
5 0.3657 0.8598 0.0550 0.0492
5 0.4432 0.9121 0.0682 0.0568
5 0.4031 0.9587 0.0577 0.0456
5 0.4480 0.9755 0.0709 0.0482
5 0.4846 0.7812 0.0321 0.0281
5 0.5154 0.7490 0.0454 0.0350
3 0.5713 0.7858 0.0586 0.0472
4 0.5405 0.8360 0.0462 0.0406
4 0.6627 0.9096 0.0696 0.0551
4 0.6900 0.8178 0.0634 0.0512
5 0.6323 0.7192 0.0564 0.0443
5 0.5590 0.7410 0.0559 0.0409
