4 0.3852 0.4909 0.1764 0.1319
5 0.3977 0.3819 0.1293 0.1079
5 0.4461 0.5302 0.1269 0.1066
5 0.4970 0.5544 0.0984 0.0860
4 0.6333 0.5014 0.2137 0.1328
5 0.6368 0.5704 0.1462 0.0524
5 0.5913 0.6529 0.1601 0.1188
5 0.7002 0.6455 0.1066 0.0969
5 0.5832 0.7549 0.1310 0.0948
5 0.5919 0.8451 0.1170 0.0935
3 0.3546 0.8778 0.0501 0.0533
5 0.6554 0.8687 0.0903 0.0830
5 0.7267 0.8294 0.1118 0.0839
3 0.8155 0.6846 0.0751 0.0511
4 0.7317 0.7503 0.0681 0.0507
3 0.7730 0.7940 0.0763 0.0454
5 0.8807 0.9503 0.0507 0.0559
3 0.7998 0.8481 0.0635 0.0664
5 0.0349 0.3511 0.0477 0.0367
