3 0.5885 0.2053 0.1786 0.1287
3 0.4934 0.3634 0.1234 0.1386
3 0.3556 0.3695 0.1895 0.1694
3 0.3307 0.4527 0.1522 0.0740
3 0.5256 0.5046 0.1273 0.1240
5 0.4526 0.4600 0.1102 0.0652
4 0.3851 0.5351 0.1724 0.1421
4 0.2733 0.5351 0.0994 0.1025
5 0.3121 0.6231 0.1102 0.0850
5 0.3179 0.7031 0.0831 0.1136
5 0.3765 0.6784 0.1320 0.1339
5 0.4833 0.6056 0.1126 0.1025
5 0.6526 0.4557 0.1436 0.1240
5 0.6976 0.5613 0.1607 0.1048
5 0.5501 0.6475 0.0582 0.0606
5 0.6130 0.5745 0.0955 0.0891
5 0.7135 0.6685 0.1165 0.0908
5 0.6766 0.7323 0.1002 0.0868
5 0.7880 0.7264 0.0963 0.0821
