4 0.3948 0.3586 0.1223 0.1127
5 0.5660 0.4086 0.0955 0.0887
5 0.4647 0.4843 0.0885 0.0812
5 0.3596 0.3996 0.0973 0.0760
5 0.3741 0.4376 0.0739 0.0524
5 0.3674 0.4806 0.0699 0.0590
5 0.5165 0.5193 0.0648 0.0611
5 0.6109 0.5355 0.1413 0.0965
5 0.7130 0.5229 0.1043 0.0858
5 0.7380 0.5738 0.1342 0.0904
5 0.6960 0.6391 0.1058 0.0714
5 0.7190 0.6773 0.0729 0.0429
5 0.7046 0.7871 0.1018 0.0718
5 0.7704 0.7052 0.0825 0.0668
5 0.8130 0.6348 0.1048 0.0786
5 0.4676 0.4453 0.0785 0.0391
3 0.6904 0.4327 0.1291 0.0870
3 0.8099 0.4553 0.0542 0.0433
3 0.8960 0.4269 0.0613 0.0410
3 0.8631 0.4637 0.0410 0.0448
3 0.8347 0.4907 0.0501 0.0387
5 0.9411 0.1791 0.0471 0.0422
5 0.9580 0.2229 0.0415 0.0334
5 0.8671 0.1724 0.0420 0.0365
4 0.9763 0.1456 0.0456 0.0513
3 0.2843 0.3093 0.0400 0.0338
3 0.2625 0.2892 0.0440 0.0330
5 0.5966 0.6049 0.0507 0.0332
5 0.5846 0.5859 0.0606 0.0301
