3 0.3181 0.5614 0.1368 0.0925
5 0.4778 0.7714 0.0804 0.0528
5 0.4135 0.8020 0.0881 0.0665
5 0.3657 0.8084 0.0522 0.0678
5 0.3304 0.7606 0.0887 0.0674
5 0.2776 0.7435 0.0957 0.0718
5 0.3284 0.6160 0.0716 0.0432
5 0.2553 0.5770 0.0534 0.0621
5 0.4115 0.5400 0.0922 0.0762
4 0.3689 0.5101 0.0810 0.0365
5 0.2934 0.4907 0.1039 0.0691
5 0.3516 0.4667 0.0863 0.0625
5 0.3613 0.3877 0.0998 0.0797
5 0.4411 0.3527 0.1139 0.0863
5 0.3560 0.2741 0.1362 0.1079
5 0.5620 0.2133 0.1327 0.0982
5 0.5559 0.6671 0.0663 0.0467
5 0.6486 0.3010 0.1239 0.1052
5 0.8597 0.2620 0.1280 0.0845
5 0.7235 0.3974 0.1022 0.0832
3 0.9692 0.4533 0.0570 0.0401
5 0.9680 0.4861 0.0499 0.0299
5 0.8488 0.4504 0.0839 0.0528
5 0.6950 0.4714 0.0393 0.0392
5 0.7473 0.4597 0.0581 0.0440
5 0.7434 0.4934 0.0599 0.0348
