5 0.4935 0.0194 0.1299 0.0380
5 0.3444 0.0526 0.1403 0.1044
5 0.7061 0.0871 0.1497 0.1367
5 0.7491 0.0904 0.1054 0.0874
4 0.8662 0.1317 0.1706 0.1358
5 0.8321 0.1642 0.0676 0.0542
5 0.6062 0.1885 0.1165 0.1009
5 0.8257 0.0493 0.0419 0.0341
5 0.4766 0.1716 0.1275 0.0978
5 0.3508 0.1937 0.1147 0.0869
5 0.4580 0.2780 0.0973 0.0721
5 0.5779 0.3758 0.0763 0.0528
5 0.6216 0.3933 0.0611 0.0459
5 0.5771 0.4276 0.0582 0.0428
3 0.7011 0.4199 0.1095 0.0843
3 0.5957 0.5114 0.1048 0.0801
3 0.2959 0.4882 0.1083 0.0783
3 0.3100 0.6093 0.0898 0.0799
3 0.2389 0.5982 0.1228 0.0935
3 0.2631 0.7055 0.1061 0.0796
3 0.3767 0.7779 0.0850 0.0664
3 0.4524 0.7769 0.0771 0.0525
3 0.4368 0.8155 0.0757 0.0426
3 0.7835 0.7488 0.1184 0.0888
4 0.6651 0.7747 0.1211 0.0865
4 0.7609 0.8191 0.1092 0.0783
5 0.4443 0.8537 0.0537 0.0482
5 0.3793 0.8558 0.0788 0.0637
5 0.3828 0.9156 0.0471 0.0446
5 0.6983 0.8325 0.0722 0.0634
5 0.6977 0.8923 0.0894 0.0542
5 0.6162 0.9126 0.0665 0.0651
5 0.5955 0.9709 0.1000 0.0575
4 0.6783 0.9384 0.1387 0.1100
