4 0.5037 0.0354 0.1386 0.0681
5 0.6810 0.0454 0.1114 0.0908
5 0.5993 0.1048 0.1038 0.0851
5 0.6628 0.1295 0.0982 0.0828
5 0.6975 0.2199 0.0815 0.0623
3 0.5917 0.2554 0.1473 0.1447
5 0.6752 0.3023 0.0582 0.0494
4 0.3719 0.3858 0.1473 0.1132
5 0.3375 0.4713 0.1544 0.1246
5 0.3327 0.5393 0.1337 0.0722
3 0.2481 0.5928 0.1144 0.0866
4 0.1641 0.5839 0.0881 0.0710
4 0.1836 0.6481 0.1048 0.0786
5 0.2724 0.7322 0.0638 0.0646
5 0.3679 0.6333 0.1403 0.1120
5 0.4160 0.6112 0.0947 0.0786
5 0.4236 0.7273 0.1149 0.1010
5 0.4481 0.7480 0.0922 0.0741
5 0.4856 0.7893 0.0456 0.0361
5 0.4864 0.6602 0.0987 0.0870
5 0.5696 0.6483 0.1195 0.0987
4 0.6504 0.6217 0.1038 0.0699
5 0.6119 0.6889 0.0542 0.0380
5 0.6547 0.6891 0.0537 0.0619
4 0.7271 0.6878 0.1063 0.0828
4 0.7740 0.6156 0.1058 0.0858
5 0.6588 0.5431 0.1428 0.1063
5 0.5512 0.5594 0.1139 0.0843
