4 0.8478 0.2236 0.2911 0.1922
3 0.5590 0.2588 0.2772 0.2101
5 0.7698 0.3859 0.2131 0.1568
3 0.3194 0.3922 0.1054 0.0917
3 0.2245 0.3966 0.1182 0.0900
5 0.5494 0.4841 0.1974 0.1402
5 0.7509 0.5839 0.1939 0.1371
5 0.6757 0.7414 0.0920 0.0720
5 0.5277 0.7168 0.1123 0.0816
5 0.4830 0.6661 0.1497 0.1083
5 0.3699 0.6520 0.0740 0.0565
5 0.3941 0.5743 0.0669 0.0627
5 0.3201 0.5999 0.0977 0.0776
4 0.3817 0.4807 0.0933 0.0737
3 0.2420 0.4909 0.1273 0.0928
3 0.0277 0.4382 0.0546 0.0561
3 0.0343 0.3809 0.0687 0.0538
