5 0.9174 0.2077 0.1555 0.1245
3 0.2792 0.3147 0.1520 0.1131
3 0.7378 0.3579 0.1852 0.1384
4 0.1750 0.4011 0.1275 0.0895
5 0.2917 0.4254 0.1223 0.0891
4 0.8534 0.4529 0.1799 0.1301
5 0.2548 0.5274 0.1112 0.0808
5 0.7760 0.5309 0.1114 0.1001
5 0.6915 0.5419 0.1642 0.1268
5 0.7351 0.6402 0.1422 0.1001
5 0.7978 0.6336 0.0766 0.0855
3 0.1443 0.6369 0.0973 0.0712
3 0.0601 0.6997 0.1110 0.0807
3 0.1589 0.6784 0.1011 0.0663
4 0.1947 0.7239 0.0953 0.0695
5 0.1912 0.7788 0.0770 0.0546
5 0.1824 0.8336 0.0762 0.0574
5 0.1210 0.7893 0.0881 0.0692
