3 0.3800 0.5143 0.1042 0.0939
3 0.2615 0.5215 0.1409 0.1057
3 0.4507 0.4771 0.1444 0.0991
3 0.3273 0.6330 0.1106 0.0895
4 0.2160 0.6287 0.1537 0.1157
4 0.6970 0.6138 0.1514 0.1096
4 0.6036 0.6320 0.1042 0.0812
5 0.3666 0.6673 0.0507 0.0550
5 0.3011 0.7075 0.1130 0.0786
5 0.2475 0.7147 0.0606 0.0624
5 0.5954 0.6785 0.0961 0.0528
5 0.7084 0.7038 0.1194 0.0843
5 0.3439 0.5640 0.1100 0.0616
4 0.0536 0.1345 0.0629 0.0472
5 0.0288 0.1812 0.0576 0.0445
5 0.0873 0.1753 0.0547 0.0380
5 0.0626 0.2131 0.0483 0.0376
3 0.0358 0.3302 0.0378 0.0280
