4 0.7646 0.2867 0.1654 0.1437
3 0.4961 0.3051 0.1665 0.1306
3 0.4391 0.2843 0.1048 0.1013
3 0.3034 0.4483 0.1642 0.1253
4 0.4187 0.3821 0.1223 0.0943
4 0.0984 0.3861 0.1747 0.1275
5 0.2099 0.4059 0.1007 0.0887
5 0.1403 0.4723 0.1118 0.0721
5 0.8551 0.3859 0.1648 0.1227
4 0.3340 0.5066 0.1042 0.0638
5 0.6711 0.4265 0.1229 0.0939
5 0.2652 0.5555 0.1368 0.1031
5 0.2155 0.5791 0.1258 0.0917
5 0.3299 0.6282 0.0972 0.0790
5 0.2428 0.6389 0.1071 0.0629
5 0.7206 0.5953 0.1450 0.1048
5 0.6854 0.6291 0.1025 0.0729
5 0.8711 0.6300 0.1339 0.1000
5 0.2089 0.8140 0.0586 0.0594
3 0.2648 0.8135 0.0876 0.0684
5 0.0163 0.3610 0.0326 0.0913
5 0.0157 0.5304 0.0314 0.0721
4 0.2233 0.4730 0.0798 0.0533
