2 0.0282 0.1199 0.0565 0.0834
2 0.0949 0.3288 0.0957 0.0667
2 0.1403 0.3581 0.0944 0.0523
2 0.0672 0.4489 0.0871 0.0534
0 0.1522 0.5088 0.0823 0.0572
2 0.1344 0.5672 0.0785 0.0600
1 0.2169 0.5111 0.0521 0.0446
0 0.1799 0.5517 0.1014 0.0782
1 0.1383 0.6161 0.0571 0.0393
2 0.1402 0.6482 0.0493 0.0313
1 0.1753 0.6524 0.0481 0.0398
1 0.3667 0.8320 0.1055 0.0795
1 0.2971 0.7755 0.1017 0.0848
1 0.3929 0.7484 0.1226 0.0908
1 0.3140 0.6524 0.2024 0.1479
2 0.4781 0.6106 0.1734 0.1364
2 0.4460 0.2655 0.1101 0.0799
2 0.5326 0.3271 0.2188 0.1688
2 0.7122 0.2967 0.2100 0.1463
1 0.5273 0.0228 0.0806 0.0456
