5 0.5357 0.4385 0.1677 0.1389
5 0.3852 0.4963 0.1939 0.1481
5 0.4097 0.5909 0.1310 0.0812
5 0.5695 0.6477 0.1386 0.1214
5 0.3887 0.6852 0.1322 0.1092
5 0.4137 0.7558 0.1007 0.0913
5 0.5809 0.7599 0.1275 0.1074
5 0.7355 0.7680 0.1258 0.1000
5 0.5345 0.8306 0.0258 0.0205
4 0.6152 0.8674 0.0790 0.0668
5 0.6114 0.8999 0.0349 0.0254
5 0.6319 0.9266 0.0354 0.0251
5 0.5757 0.9365 0.0851 0.0775
4 0.0187 0.9002 0.0374 0.0938
5 0.0442 0.8796 0.0867 0.0842
5 0.0903 0.9063 0.0669 0.0657
5 0.0332 0.9329 0.0630 0.0495
5 0.0832 0.9775 0.0907 0.0442
4 0.0909 0.7741 0.1140 0.0826
5 0.0678 0.8181 0.0837 0.0426
3 0.0632 0.6993 0.1114 0.0902
