3 0.9835 0.6044 0.0314 0.0734
3 0.2396 0.2524 0.1462 0.1275
4 0.3826 0.3889 0.1328 0.0965
4 0.3048 0.4418 0.1194 0.0895
4 0.4801 0.4387 0.1042 0.0869
5 0.4143 0.4671 0.1077 0.0686
5 0.5826 0.4345 0.1287 0.0943
5 0.1313 0.4741 0.1392 0.1070
5 0.3931 0.5217 0.0990 0.0790
5 0.5424 0.5217 0.1054 0.0703
5 0.7870 0.5234 0.0996 0.0799
5 0.8004 0.5660 0.0460 0.0428
5 0.5660 0.5865 0.1106 0.0882
5 0.6740 0.6348 0.1054 0.0904
5 0.5963 0.6684 0.0908 0.0825
5 0.5520 0.7405 0.0745 0.0686
5 0.3977 0.6071 0.0920 0.0786
5 0.4586 0.6660 0.0984 0.0830
5 0.3072 0.5874 0.1019 0.0873
5 0.2818 0.6492 0.1223 0.0930
5 0.1004 0.6700 0.1264 0.0873
