5 0.4993 0.2568 0.1799 0.1529
5 0.8091 0.4896 0.1438 0.1039
5 0.6170 0.4356 0.1473 0.1079
5 0.3747 0.4446 0.1788 0.1389
5 0.3864 0.5547 0.1287 0.0970
5 0.5290 0.5756 0.1334 0.1004
4 0.0370 0.6033 0.0740 0.0852
5 0.0699 0.6084 0.0594 0.0690
5 0.0900 0.6700 0.1019 0.0725
5 0.0437 0.7385 0.0862 0.0734
5 0.0940 0.7320 0.0402 0.0577
5 0.3835 0.6529 0.1275 0.0961
5 0.2393 0.6566 0.1141 0.0878
5 0.2181 0.7158 0.0705 0.0463
5 0.3252 0.7287 0.0903 0.0738
5 0.4370 0.7313 0.1322 0.1026
5 0.6216 0.6951 0.1170 0.0834
5 0.7148 0.7296 0.0938 0.0738
5 0.5564 0.7684 0.0914 0.0712
5 0.6525 0.7966 0.0390 0.0341
