5 0.7830 0.1239 0.0705 0.0655
5 0.7302 0.1683 0.0791 0.0731
5 0.7299 0.2066 0.0735 0.0333
5 0.6023 0.0287 0.0929 0.0567
5 0.6187 0.1107 0.0715 0.0789
5 0.5071 0.1916 0.0679 0.0417
5 0.5025 0.1763 0.0607 0.0387
3 0.4553 0.1210 0.1583 0.1164
3 0.3741 0.1821 0.1266 0.1045
3 0.3871 0.2665 0.1322 0.0728
5 0.3848 0.3143 0.1378 0.1003
5 0.3848 0.3990 0.1235 0.0842
4 0.5007 0.3775 0.1246 0.0942
3 0.0510 0.5081 0.1011 0.1332
3 0.0305 0.6005 0.0602 0.0716
5 0.3504 0.4688 0.1394 0.0900
5 0.5211 0.4746 0.1368 0.0938
5 0.5377 0.5634 0.1557 0.1160
5 0.3391 0.5515 0.1241 0.1076
5 0.4729 0.6995 0.1537 0.1118
5 0.3677 0.6679 0.1496 0.1091
5 0.2695 0.6440 0.1307 0.0996
5 0.3269 0.7709 0.1373 0.1068
5 0.1939 0.7966 0.1419 0.1007
5 0.1064 0.6957 0.1220 0.0995
3 0.6056 0.7749 0.0618 0.0544
3 0.5755 0.8242 0.0761 0.0502
3 0.5622 0.8450 0.0679 0.0521
4 0.6084 0.8791 0.0766 0.0613
4 0.5918 0.9312 0.0812 0.0643
5 0.5194 0.8971 0.0730 0.0567
4 0.4920 0.8448 0.0643 0.0525
5 0.5163 0.9691 0.0659 0.0528
5 0.4527 0.9321 0.0572 0.0502
3 0.7172 0.5774 0.0408 0.0483
3 0.6442 0.5592 0.0572 0.0448
4 0.6774 0.6413 0.0500 0.0390
5 0.4693 0.8742 0.0594 0.0512
