5 0.9884 0.0835 0.0232 0.0252
5 0.9577 0.0670 0.0405 0.0316
5 0.9537 0.0842 0.0293 0.0168
5 0.9842 0.1662 0.0316 0.0620
5 0.9803 0.1961 0.0394 0.0512
5 0.8579 0.0492 0.0826 0.0793
5 0.8695 0.1345 0.0664 0.0733
3 0.7763 0.1413 0.1409 0.1036
3 0.6860 0.2064 0.1054 0.0932
3 0.6908 0.2911 0.0872 0.0866
5 0.7360 0.3050 0.1204 0.0889
4 0.8240 0.3628 0.1135 0.0869
5 0.7186 0.3801 0.1204 0.0747
5 0.9247 0.4969 0.1505 0.1028
5 0.8745 0.4385 0.1289 0.0947
5 0.7064 0.4416 0.1216 0.0756
3 0.4607 0.4705 0.1467 0.1112
3 0.4131 0.5453 0.1386 0.0947
3 0.3278 0.4618 0.1432 0.1077
3 0.2928 0.5660 0.1328 0.0967
3 0.2027 0.4584 0.1193 0.0895
3 0.1577 0.5857 0.1482 0.1060
4 0.2726 0.7300 0.1301 0.1010
5 0.1635 0.7972 0.1382 0.0981
5 0.1199 0.7210 0.1374 0.1005
5 0.0502 0.8244 0.1000 0.0843
4 0.3540 0.9748 0.0884 0.0498
5 0.5383 0.6343 0.1042 0.0874
5 0.5997 0.6899 0.0903 0.0649
5 0.7145 0.5090 0.1177 0.0944
5 0.6622 0.5936 0.1158 0.0831
5 0.6947 0.6715 0.1204 0.0825
5 0.9077 0.6005 0.1421 0.0938
5 0.7871 0.5890 0.1293 0.0866
5 0.7875 0.6689 0.1147 0.0819
3 0.9064 0.7771 0.0652 0.0562
3 0.8807 0.8234 0.0803 0.0457
3 0.8784 0.8413 0.0718 0.0544
4 0.8000 0.8431 0.0656 0.0527
4 0.9290 0.8765 0.0811 0.0634
4 0.9176 0.9341 0.0868 0.0669
5 0.7805 0.8740 0.0652 0.0556
5 0.8361 0.8966 0.0760 0.0596
5 0.8684 0.9746 0.0718 0.0501
5 0.8414 0.9690 0.0641 0.0515
5 0.7730 0.9327 0.0594 0.0512
5 0.7811 0.9907 0.0401 0.0180
5 0.9776 0.2899 0.0409 0.0339
5 0.9865 0.3256 0.0270 0.0298
5 0.9529 0.3552 0.0363 0.0272
5 0.9741 0.4246 0.0402 0.0362
