2 0.2952 0.1478 0.0788 0.0624
1 0.4077 0.1592 0.1180 0.1037
2 0.3516 0.2024 0.1079 0.0925
2 0.4449 0.2356 0.1070 0.0809
0 0.2928 0.3674 0.1409 0.0941
0 0.1821 0.3801 0.1352 0.1063
2 0.2728 0.4399 0.1079 0.0740
1 0.0938 0.4961 0.0697 0.0393
2 0.0682 0.5379 0.0789 0.0494
2 0.2182 0.7162 0.0567 0.0379
0 0.0266 0.6226 0.0509 0.0402
2 0.5347 0.7582 0.0862 0.0669
1 0.5600 0.8277 0.0900 0.0704
0 0.7462 0.5633 0.0582 0.0393
0 0.8548 0.4834 0.1420 0.1100
2 0.8791 0.4718 0.1179 0.0833
1 0.8113 0.4221 0.1218 0.0718
1 0.7409 0.4590 0.0926 0.0778
