3 0.7084 0.3116 0.2207 0.1629
4 0.3334 0.2989 0.2207 0.1638
5 0.5844 0.4304 0.1706 0.1271
5 0.3427 0.4857 0.1846 0.1275
3 0.0914 0.5459 0.1328 0.0891
5 0.5366 0.6296 0.1543 0.1157
5 0.3768 0.6656 0.1386 0.1083
5 0.4158 0.7492 0.1106 0.0887
5 0.5124 0.7800 0.1386 0.1092
5 0.4624 0.8115 0.0606 0.0498
5 0.5468 0.8372 0.0850 0.0646
5 0.4846 0.9077 0.0418 0.0347
3 0.1407 0.9138 0.0524 0.0449
4 0.1752 0.9394 0.0520 0.0426
3 0.6420 0.6806 0.0713 0.0489
5 0.8130 0.7077 0.0709 0.0614
5 0.7917 0.6202 0.0660 0.0476
4 0.5854 0.6828 0.0498 0.0320
5 0.5761 0.7197 0.0489 0.0347
5 0.7804 0.7325 0.0462 0.0330
5 0.7049 0.6643 0.0370 0.0340
5 0.6378 0.7151 0.0559 0.0386
