5 0.9064 0.0133 0.1042 0.0258
5 0.9364 0.0282 0.0652 0.0502
5 0.9693 0.0430 0.0588 0.0860
5 0.8842 0.0869 0.0926 0.0751
5 0.8851 0.1651 0.0687 0.0480
5 0.9832 0.1640 0.0320 0.0275
5 0.9384 0.2118 0.0390 0.0280
5 0.8834 0.2282 0.0478 0.0319
5 0.9879 0.2088 0.0227 0.0306
5 0.9835 0.2568 0.0291 0.0271
4 0.5480 0.3016 0.1351 0.1070
4 0.4452 0.3407 0.1194 0.0996
5 0.6446 0.3671 0.1200 0.0878
5 0.5116 0.4088 0.1415 0.1127
5 0.4539 0.4389 0.0600 0.0690
5 0.6041 0.4520 0.0879 0.0734
5 0.5305 0.5175 0.1433 0.1057
3 0.3564 0.7192 0.1149 0.0905
4 0.4652 0.7790 0.1096 0.1037
5 0.3346 0.8106 0.1171 0.0928
5 0.3749 0.8591 0.0938 0.0816
5 0.3767 0.9113 0.0797 0.0419
5 0.3639 0.9483 0.1043 0.0882
5 0.4375 0.9706 0.0815 0.0581
