4 0.5758 0.2274 0.1579 0.1228
4 0.5271 0.1700 0.1415 0.1022
5 0.6698 0.2935 0.1274 0.0938
5 0.5565 0.3071 0.1110 0.0762
5 0.5767 0.3820 0.0611 0.0427
5 0.7062 0.4227 0.1110 0.0819
5 0.7640 0.4907 0.0869 0.0647
5 0.8700 0.5086 0.1121 0.0766
5 0.9436 0.5149 0.0481 0.0366
5 0.8949 0.5464 0.0493 0.0308
5 0.5967 0.4344 0.0986 0.0770
5 0.6199 0.5299 0.0828 0.0639
5 0.5661 0.5863 0.0822 0.0630
5 0.5157 0.5246 0.0975 0.0682
5 0.4710 0.3899 0.1022 0.0771
5 0.4702 0.3014 0.0781 0.0718
5 0.4558 0.3556 0.0505 0.0233
4 0.3249 0.2067 0.1057 0.0876
4 0.3751 0.2622 0.1016 0.0770
4 0.3384 0.3263 0.1127 0.0810
5 0.2849 0.4526 0.1057 0.0784
5 0.2433 0.3084 0.1010 0.0850
5 0.1793 0.3945 0.0928 0.0687
5 0.0663 0.4581 0.0675 0.0524
5 0.0979 0.5614 0.0382 0.0220
