3 0.8820 0.4274 0.1568 0.1165
3 0.7931 0.4720 0.1763 0.1240
5 0.8137 0.1729 0.0714 0.0547
3 0.7201 0.0836 0.0831 0.0576
3 0.6064 0.0687 0.0699 0.0606
4 0.7135 0.0434 0.0978 0.0868
4 0.8199 0.0938 0.0932 0.0629
5 0.8288 0.0367 0.0971 0.0722
4 0.8525 0.5171 0.0668 0.0606
5 0.8831 0.5188 0.0815 0.0710
4 0.7349 0.5587 0.1856 0.1299
5 0.6840 0.6414 0.1087 0.0472
5 0.6976 0.6930 0.1328 0.0990
5 0.6417 0.4836 0.1002 0.0588
3 0.5986 0.4335 0.1584 0.1031
3 0.5555 0.3887 0.1157 0.0809
4 0.5008 0.4920 0.1724 0.1258
4 0.4779 0.6764 0.1592 0.1217
3 0.3001 0.5782 0.2011 0.1397
3 0.2550 0.4752 0.1856 0.1153
3 0.1591 0.3479 0.1491 0.1101
4 0.1758 0.5424 0.0815 0.0972
5 0.1848 0.4420 0.0978 0.0780
5 0.8269 0.5739 0.0404 0.0553
