3 0.5535 0.1699 0.2044 0.1764
5 0.5774 0.0502 0.0553 0.0410
5 0.6368 0.0282 0.0553 0.0459
5 0.0620 0.2625 0.0635 0.0437
5 0.0245 0.3256 0.0489 0.0389
5 0.0708 0.3358 0.0472 0.0341
5 0.0154 0.1435 0.0309 0.0520
5 0.0114 0.2190 0.0215 0.0424
3 0.5290 0.3348 0.1520 0.1550
3 0.6213 0.3638 0.2318 0.1817
3 0.6475 0.5132 0.1945 0.1406
3 0.2914 0.7156 0.1566 0.1227
3 0.4140 0.7667 0.1561 0.1175
5 0.5110 0.6750 0.1159 0.1000
4 0.6312 0.6745 0.1619 0.1192
5 0.5418 0.7529 0.1101 0.0865
5 0.6079 0.8486 0.1188 0.1005
