5 0.9631 0.5919 0.0722 0.1275
5 0.9018 0.6106 0.0598 0.0507
5 0.9328 0.6536 0.1126 0.0809
3 0.2789 0.4882 0.1302 0.0957
3 0.3848 0.4503 0.1164 0.0842
4 0.4122 0.4024 0.1138 0.0773
3 0.4571 0.4583 0.0516 0.0413
4 0.4553 0.5102 0.1011 0.0747
3 0.5339 0.4436 0.1092 0.0793
5 0.3667 0.5108 0.1138 0.0582
5 0.3726 0.5466 0.1103 0.0547
3 0.3537 0.6233 0.1093 0.0842
5 0.4640 0.5843 0.0990 0.0751
5 0.4931 0.6381 0.0837 0.0616
5 0.5160 0.6591 0.0531 0.0379
3 0.2345 0.0222 0.0628 0.0437
5 0.2526 0.0634 0.0511 0.0417
4 0.2008 0.0601 0.0577 0.0459
