5 0.5955 0.0553 0.1289 0.1095
5 0.4460 0.0565 0.1250 0.1130
5 0.4852 0.0498 0.0435 0.0681
5 0.7003 0.2562 0.1863 0.1374
3 0.6001 0.4184 0.2221 0.1974
4 0.6848 0.5672 0.2159 0.2015
4 0.4794 0.5657 0.1995 0.1462
5 0.4697 0.4431 0.0792 0.1141
4 0.4002 0.5264 0.1312 0.0897
5 0.2911 0.6653 0.1273 0.1240
5 0.3789 0.4851 0.1180 0.0722
4 0.6460 0.7008 0.1801 0.1520
5 0.4852 0.7882 0.1180 0.1240
5 0.6642 0.8211 0.1390 0.0990
5 0.5520 0.8819 0.1320 0.1159
5 0.6619 0.9387 0.1576 0.1211
5 0.5555 0.9759 0.1343 0.0466
