2 0.6402 0.0459 0.1834 0.0917
2 0.6225 0.1131 0.1689 0.0996
2 0.6516 0.1692 0.1840 0.1559
2 0.6729 0.2443 0.1229 0.1070
2 0.2603 0.3782 0.1037 0.0777
2 0.1593 0.4114 0.0937 0.0708
2 0.2536 0.4258 0.0972 0.0550
2 0.3016 0.5239 0.0827 0.0616
1 0.2405 0.5466 0.1386 0.0930
1 0.5686 0.5313 0.2160 0.1489
2 0.7716 0.5071 0.2015 0.1581
1 0.0318 0.6524 0.0620 0.0517
2 0.0195 0.6890 0.0383 0.0365
0 0.0571 0.6965 0.0819 0.0514
2 0.0708 0.7224 0.0628 0.0445
1 0.2573 0.7522 0.0666 0.0497
0 0.4277 0.8665 0.1187 0.0945
1 0.4891 0.9031 0.1068 0.0890
