5 0.3727 0.4297 0.1200 0.0900
4 0.1668 0.4389 0.1473 0.0961
5 0.2553 0.5536 0.1217 0.0843
3 0.5439 0.7117 0.0885 0.0598
5 0.3252 0.6020 0.0972 0.0738
5 0.3998 0.6114 0.0530 0.0428
5 0.4382 0.5739 0.0740 0.0542
4 0.4507 0.5033 0.0384 0.0275
5 0.9638 0.6289 0.0713 0.0598
3 0.6268 0.7085 0.0806 0.0545
5 0.5880 0.7389 0.0418 0.0360
5 0.5317 0.7587 0.0797 0.0525
5 0.7567 0.6641 0.0480 0.0370
4 0.7481 0.7153 0.0960 0.0779
5 0.8276 0.7202 0.0638 0.0495
5 0.7787 0.7914 0.0665 0.0545
5 0.9392 0.7704 0.1171 0.0892
