4 0.7224 0.4208 0.1590 0.1489
5 0.5593 0.4896 0.1427 0.1354
5 0.6024 0.5638 0.1264 0.1179
5 0.7267 0.5728 0.1479 0.1454
5 0.6132 0.6165 0.0815 0.0528
5 0.7561 0.6531 0.1299 0.1157
5 0.6196 0.6643 0.0897 0.0786
5 0.7588 0.7132 0.0955 0.0603
5 0.2638 0.9356 0.0367 0.0368
5 0.2299 0.9677 0.0341 0.0327
5 0.3214 0.8766 0.0417 0.0370
5 0.2663 0.8898 0.0295 0.0279
3 0.8081 0.7341 0.0333 0.0290
3 0.7526 0.7549 0.0348 0.0270
3 0.9735 0.1645 0.0525 0.0373
5 0.9183 0.1941 0.0548 0.0339
5 0.9698 0.2284 0.0582 0.0376
5 0.8900 0.2546 0.0525 0.0290
5 0.9132 0.2669 0.0429 0.0405
5 0.8957 0.2919 0.0371 0.0342
5 0.3442 0.5386 0.0498 0.0681
5 0.3040 0.5040 0.0819 0.0689
5 0.3350 0.4553 0.0888 0.0663
4 0.2692 0.4119 0.1110 0.0755
4 0.2791 0.3742 0.0819 0.0287
5 0.3344 0.4121 0.0616 0.0574
4 0.5661 0.2691 0.0356 0.0310
4 0.5175 0.2945 0.0356 0.0261
4 0.5217 0.3163 0.0310 0.0233
5 0.5140 0.3806 0.0241 0.0204
5 0.4767 0.3195 0.0306 0.0221
4 0.5420 0.3024 0.0287 0.0212
3 0.2509 0.3636 0.0250 0.0195
3 0.2046 0.4220 0.0190 0.0190
3 0.2064 0.4054 0.0233 0.0167
5 0.6935 0.6933 0.0370 0.0373
