2 0.3208 0.0366 0.0549 0.0724
2 0.3905 0.0595 0.0792 0.1181
2 0.3518 0.1088 0.0676 0.1128
2 0.4158 0.1549 0.0752 0.1003
0 0.2963 0.3009 0.0970 0.1170
0 0.2106 0.3011 0.0953 0.1313
2 0.2716 0.3866 0.0770 0.0938
2 0.1718 0.4622 0.0531 0.0624
2 0.1479 0.5203 0.0571 0.0631
0 0.1096 0.6302 0.0491 0.0487
2 0.2374 0.7672 0.0418 0.0500
2 0.4309 0.8210 0.0627 0.0866
1 0.4384 0.9095 0.0682 0.0910
0 0.6389 0.6238 0.0433 0.0493
0 0.6557 0.4126 0.0851 0.0834
0 0.6717 0.4922 0.0984 0.1436
2 0.6786 0.4725 0.0811 0.1042
1 0.5947 0.4528 0.0591 0.1011
0 0.1951 0.4530 0.0252 0.0527
1 0.0132 0.4417 0.0264 0.0591
2 0.8935 0.0277 0.0856 0.0540
