4 0.6351 0.2079 0.1925 0.1596
5 0.4037 0.2830 0.1894 0.1491
5 0.5481 0.4353 0.1832 0.1392
5 0.5703 0.4999 0.1374 0.0821
5 0.3315 0.4373 0.1832 0.1363
5 0.4802 0.6041 0.1576 0.1205
5 0.3338 0.6222 0.1382 0.1019
5 0.2403 0.7101 0.1048 0.0856
5 0.4899 0.7247 0.1258 0.0891
5 0.4666 0.8184 0.1040 0.0716
5 0.3610 0.7835 0.1118 0.0786
5 0.3785 0.8315 0.0846 0.0629
3 0.6405 0.9378 0.0621 0.0553
3 0.7310 0.8269 0.0520 0.0431
3 0.7822 0.8397 0.0520 0.0419
4 0.8944 0.5660 0.0807 0.0489
3 0.9709 0.5369 0.0582 0.0547
3 0.9111 0.4830 0.0722 0.0472
5 0.9045 0.6481 0.0652 0.0396
5 0.9422 0.5771 0.0644 0.0489
5 0.8839 0.6868 0.0551 0.0332
5 0.8606 0.5846 0.0660 0.0419
5 0.5869 0.9771 0.0513 0.0408
5 0.8727 0.7139 0.0497 0.0338
3 0.9779 0.6254 0.0427 0.0443
4 0.9775 0.6807 0.0435 0.0454
