4 0.4672 0.3459 0.1614 0.1264
4 0.4185 0.2483 0.1380 0.1065
5 0.5145 0.4020 0.1233 0.0678
4 0.6111 0.4799 0.1532 0.1198
3 0.4016 0.5960 0.0666 0.0493
4 0.2769 0.6048 0.0639 0.0463
5 0.3486 0.6342 0.0590 0.0426
5 0.2644 0.6517 0.0595 0.0443
5 0.2924 0.5172 0.0515 0.0343
5 0.3472 0.4879 0.0484 0.0410
5 0.4435 0.6742 0.0404 0.0313
5 0.3916 0.6459 0.0475 0.0333
5 0.3246 0.6649 0.0493 0.0220
5 0.6910 0.6442 0.1429 0.1039
5 0.6533 0.6015 0.1048 0.0709
5 0.6318 0.6817 0.0937 0.0722
5 0.5856 0.7411 0.0733 0.0519
5 0.7072 0.7679 0.1176 0.0842
5 0.6795 0.8257 0.0764 0.0586
5 0.6038 0.8190 0.0901 0.0633
3 0.7780 0.3120 0.0506 0.0366
5 0.9221 0.5142 0.0528 0.0423
5 0.9170 0.5547 0.0559 0.0380
4 0.9529 0.4719 0.0666 0.0436
5 0.9101 0.4416 0.0617 0.0403
5 0.9763 0.5126 0.0475 0.0403
5 0.8167 0.5052 0.0550 0.0443
5 0.8320 0.5407 0.0519 0.0393
5 0.8255 0.5722 0.0471 0.0316
5 0.7927 0.4441 0.0550 0.0406
5 0.7612 0.3714 0.0444 0.0296
4 0.6999 0.3634 0.0444 0.0330
4 0.7174 0.3855 0.0404 0.0280
3 0.8182 0.3559 0.0510 0.0366
4 0.6695 0.3416 0.0377 0.0286
5 0.7556 0.4005 0.0431 0.0300
5 0.8357 0.3872 0.0453 0.0320
5 0.8917 0.6541 0.0453 0.0316
5 0.8338 0.4142 0.0413 0.0260
5 0.7203 0.4093 0.0373 0.0223
5 0.6868 0.3885 0.0386 0.0320
5 0.9092 0.4107 0.0546 0.0336
5 0.3508 0.5653 0.0413 0.0300
5 0.3161 0.6096 0.0377 0.0340
