5 0.2387 0.8715 0.0885 0.0677
5 0.0713 0.8883 0.1101 0.0873
5 0.5121 0.8569 0.0984 0.0734
5 0.5121 0.9209 0.0274 0.0231
5 0.4379 0.7228 0.1130 0.0847
5 0.3869 0.7392 0.0623 0.0625
3 0.5884 0.7250 0.1240 0.0987
5 0.5640 0.7721 0.0460 0.0279
5 0.2035 0.7280 0.0588 0.0550
5 0.1590 0.7721 0.0419 0.0367
5 0.3174 0.6868 0.1071 0.0869
5 0.1945 0.6610 0.0978 0.0712
5 0.4295 0.6547 0.1031 0.0734
4 0.3302 0.5894 0.0967 0.0721
3 0.1898 0.5817 0.1060 0.0830
4 0.0300 0.5191 0.0460 0.0319
5 0.6152 0.6610 0.1066 0.0817
3 0.5861 0.6090 0.0868 0.0424
4 0.6088 0.5702 0.1194 0.0895
5 0.6566 0.5311 0.0728 0.0524
5 0.7075 0.6123 0.1095 0.0804
4 0.6635 0.4638 0.0879 0.0620
4 0.6187 0.4863 0.0693 0.0563
4 0.5532 0.4774 0.0640 0.0533
3 0.8225 0.3902 0.0949 0.0747
3 0.6271 0.4134 0.0687 0.0616
3 0.5257 0.4186 0.0757 0.0585
4 0.5605 0.4006 0.0634 0.0535
