5 0.5098 0.3752 0.1962 0.1433
5 0.3686 0.4256 0.1444 0.1070
5 0.3073 0.3422 0.0257 0.0204
5 0.0758 0.4606 0.0375 0.0276
5 0.0750 0.4903 0.0322 0.0221
5 0.0569 0.5103 0.0302 0.0241
5 0.0283 0.5166 0.0283 0.0213
5 0.5963 0.5030 0.1909 0.1361
5 0.4534 0.5196 0.1326 0.1140
5 0.6486 0.6328 0.1815 0.1336
5 0.5063 0.6175 0.1259 0.1040
5 0.6017 0.6971 0.1279 0.0924
5 0.7594 0.7069 0.1513 0.1180
5 0.6901 0.7524 0.1011 0.0914
5 0.2532 0.8279 0.0396 0.0317
5 0.2336 0.8622 0.0383 0.0291
5 0.2043 0.8769 0.0387 0.0300
5 0.1757 0.9136 0.0361 0.0267
5 0.2811 0.8139 0.0339 0.0254
5 0.0357 0.7468 0.0282 0.0221
5 0.0539 0.7566 0.0277 0.0211
5 0.0103 0.7292 0.0198 0.0198
5 0.2814 0.8376 0.0308 0.0228
5 0.3120 0.8740 0.0277 0.0208
5 0.2695 0.8911 0.0255 0.0221
5 0.1625 0.9717 0.0344 0.0340
