4 0.9221 0.2061 0.1543 0.1336
3 0.7186 0.3393 0.2073 0.1520
5 0.7634 0.4843 0.1398 0.1005
5 0.6621 0.5632 0.1165 0.0922
5 0.8004 0.5979 0.1054 0.0777
5 0.8516 0.6881 0.1706 0.1271
5 0.5942 0.9879 0.0763 0.0236
5 0.5919 0.8191 0.1112 0.0974
5 0.8470 0.8270 0.1590 0.1184
5 0.7663 0.8490 0.1071 0.0943
5 0.5736 0.7152 0.0792 0.0310
5 0.5771 0.7363 0.0361 0.0157
3 0.5771 0.6448 0.1747 0.1253
3 0.5794 0.5315 0.1456 0.1118
5 0.4635 0.5760 0.0915 0.0408
5 0.4614 0.6405 0.0475 0.0382
5 0.4173 0.6375 0.0582 0.0310
4 0.4187 0.6050 0.0731 0.0534
3 0.4376 0.5423 0.1631 0.0692
3 0.3580 0.5381 0.0613 0.0609
3 0.4508 0.4649 0.2225 0.1625
5 0.5353 0.4059 0.0666 0.0411
5 0.3561 0.4187 0.0475 0.0448
3 0.2437 0.4652 0.0547 0.0408
3 0.2977 0.4905 0.0548 0.0396
4 0.2525 0.4995 0.0540 0.0382
4 0.2919 0.5278 0.0502 0.0362
3 0.0525 0.3064 0.0498 0.0362
3 0.0142 0.3228 0.0283 0.0385
5 0.0448 0.3419 0.0406 0.0359
5 0.0802 0.3763 0.0333 0.0244
5 0.0796 0.3971 0.0253 0.0184
5 0.0911 0.4017 0.0360 0.0230
