5 0.6519 0.9337 0.1496 0.1170
5 0.5689 0.8252 0.1805 0.1419
5 0.2291 0.8042 0.0809 0.0624
5 0.3506 0.7313 0.1037 0.0808
5 0.4897 0.6979 0.0524 0.0437
5 0.5803 0.7304 0.1194 0.0843
5 0.4315 0.6464 0.0967 0.0690
4 0.6402 0.6394 0.1566 0.1223
4 0.5730 0.5595 0.1642 0.1275
5 0.4795 0.5459 0.0553 0.0699
3 0.5104 0.4736 0.1310 0.1009
3 0.7212 0.4843 0.1729 0.1197
3 0.7471 0.3520 0.1328 0.1039
4 0.3247 0.4362 0.0647 0.0509
4 0.1515 0.4278 0.0511 0.0347
5 0.2032 0.4531 0.0321 0.0251
5 0.2325 0.4125 0.0264 0.0172
5 0.1649 0.4595 0.0436 0.0367
5 0.1490 0.4861 0.0216 0.0172
3 0.1244 0.4527 0.0506 0.0350
4 0.0251 0.5588 0.0458 0.0363
4 0.0788 0.4916 0.0458 0.0320
5 0.0599 0.4240 0.0458 0.0297
5 0.0755 0.3953 0.0515 0.0337
5 0.0295 0.3997 0.0493 0.0360
