5 0.8192 0.1475 0.1644 0.1321
5 0.6988 0.2100 0.0904 0.1048
3 0.5905 0.1909 0.2190 0.1730
5 0.7834 0.3655 0.1444 0.1074
5 0.6777 0.3991 0.0892 0.0876
5 0.5855 0.3994 0.1421 0.1066
5 0.5045 0.3696 0.1303 0.1035
3 0.4828 0.3032 0.0881 0.0621
5 0.4523 0.4830 0.1644 0.1189
5 0.2767 0.4553 0.1714 0.1268
5 0.5286 0.5292 0.1151 0.0863
5 0.4361 0.5772 0.1168 0.0960
5 0.3425 0.5480 0.1080 0.0788
5 0.4185 0.6613 0.1039 0.0775
5 0.2835 0.6810 0.0426 0.0350
3 0.1821 0.6041 0.1141 0.0836
5 0.2023 0.6687 0.1234 0.0929
5 0.1592 0.7268 0.0817 0.0546
3 0.0991 0.6699 0.1203 0.0952
4 0.1372 0.7801 0.1141 0.0806
5 0.2671 0.8277 0.0808 0.0633
5 0.1918 0.8545 0.0954 0.0743
5 0.2116 0.8956 0.0799 0.0593
5 0.4238 0.8159 0.0657 0.0543
5 0.5743 0.7748 0.1012 0.0839
5 0.5561 0.6825 0.1216 0.0926
5 0.7658 0.4774 0.1256 0.0852
5 0.6602 0.5280 0.0990 0.0693
5 0.6389 0.5590 0.0457 0.0340
5 0.7299 0.5945 0.0768 0.0509
5 0.6771 0.6203 0.0555 0.0420
5 0.6287 0.6066 0.0200 0.0160
5 0.4724 0.4205 0.0804 0.0439
