2 0.1173 0.0562 0.0782 0.0664
2 0.1831 0.0863 0.0715 0.0623
1 0.0213 0.1434 0.0352 0.0304
2 0.0131 0.2061 0.0241 0.0317
0 0.0427 0.2331 0.0341 0.0213
0 0.1422 0.2464 0.0545 0.0512
1 0.1174 0.2377 0.0462 0.0437
2 0.2530 0.2187 0.0690 0.0545
2 0.2134 0.2528 0.0591 0.0475
1 0.0732 0.3076 0.0428 0.0274
1 0.0711 0.3301 0.0441 0.0299
2 0.0467 0.3292 0.0304 0.0282
2 0.1319 0.3564 0.0295 0.0194
1 0.2761 0.3525 0.0569 0.0420
2 0.2657 0.3881 0.0651 0.0505
1 0.3156 0.3876 0.0560 0.0405
2 0.4305 0.4217 0.1281 0.0888
2 0.4010 0.4942 0.1204 0.0798
2 0.3092 0.5031 0.1053 0.0741
2 0.7034 0.5448 0.1526 0.1073
2 0.5769 0.5808 0.1543 0.1146
1 0.3759 0.6146 0.0495 0.0337
1 0.5433 0.6564 0.0900 0.0673
