5 0.9662 0.0809 0.0660 0.0686
4 0.8902 0.0591 0.1031 0.0828
5 0.9143 0.1825 0.0903 0.0669
5 0.9467 0.2632 0.0726 0.0498
5 0.9575 0.3164 0.0602 0.0388
5 0.7595 0.1737 0.0865 0.0660
5 0.7336 0.0748 0.0880 0.0675
5 0.6528 0.1230 0.0714 0.0614
5 0.6804 0.2299 0.0764 0.0562
5 0.5953 0.1909 0.0598 0.0478
4 0.5381 0.0340 0.0645 0.0559
5 0.6121 0.2714 0.0517 0.0443
5 0.4937 0.1474 0.1988 0.1615
3 0.7593 0.3892 0.0537 0.0391
4 0.3741 0.1433 0.0544 0.0550
5 0.3322 0.1870 0.0594 0.0458
4 0.2569 0.1498 0.0656 0.0472
5 0.2305 0.2109 0.0568 0.0437
5 0.3637 0.2792 0.1803 0.1439
5 0.4486 0.3846 0.1633 0.1248
5 0.3557 0.4123 0.1359 0.1118
5 0.3291 0.4991 0.0988 0.0805
5 0.3417 0.5709 0.0730 0.0515
5 0.2687 0.5401 0.0915 0.0709
5 0.2882 0.5879 0.0517 0.0368
5 0.2533 0.5838 0.0251 0.0235
5 0.2447 0.5029 0.0235 0.0194
5 0.2030 0.5444 0.0279 0.0224
5 0.1971 0.5920 0.0248 0.0194
5 0.3816 0.6467 0.0657 0.0410
5 0.5519 0.5522 0.1612 0.1155
5 0.6196 0.5287 0.1030 0.0939
5 0.6662 0.6261 0.1296 0.0916
5 0.7361 0.6789 0.0484 0.0340
5 0.8455 0.7531 0.0506 0.0406
5 0.9665 0.6241 0.0644 0.0443
5 0.6185 0.0268 0.0617 0.0503
5 0.6775 0.0498 0.0457 0.0376
