2 0.2850 0.9128 0.0799 0.0622
0 0.2435 0.8567 0.0882 0.0779
0 0.3271 0.8580 0.0809 0.0704
2 0.4461 0.7842 0.1312 0.1156
2 0.3769 0.7979 0.0839 0.0911
1 0.5116 0.6959 0.1115 0.0899
2 0.4093 0.6967 0.0942 0.0784
0 0.3874 0.7320 0.0636 0.0417
2 0.0298 0.8245 0.0523 0.0395
2 0.1122 0.6778 0.0959 0.0782
2 0.0361 0.6415 0.0722 0.0544
2 0.0554 0.6794 0.0403 0.0531
2 0.3241 0.3969 0.0532 0.0517
2 0.4629 0.5034 0.1013 0.0741
2 0.4857 0.4508 0.0872 0.0782
2 0.5583 0.4177 0.0929 0.0610
2 0.6007 0.2233 0.1060 0.0849
2 0.5567 0.1458 0.1291 0.1136
2 0.6297 0.1562 0.0741 0.0771
2 0.4947 0.0729 0.0773 0.0844
