3 0.6025 0.2667 0.1491 0.1467
3 0.2915 0.2973 0.1561 0.1322
4 0.3012 0.4169 0.1475 0.1200
5 0.3773 0.5509 0.1537 0.1176
5 0.2007 0.5453 0.1561 0.1205
5 0.1060 0.6845 0.1499 0.1077
5 0.1964 0.7972 0.1258 0.1025
5 0.4515 0.5890 0.1157 0.1007
5 0.3024 0.6638 0.1421 0.1141
5 0.3839 0.6801 0.1002 0.0920
5 0.4674 0.7602 0.0978 0.0868
5 0.5163 0.6796 0.1180 0.0932
5 0.5404 0.6068 0.1009 0.0804
4 0.6060 0.5020 0.1467 0.0920
5 0.6848 0.5270 0.1102 0.0804
5 0.6230 0.6076 0.0675 0.0588
5 0.6483 0.6152 0.1118 0.0879
5 0.7061 0.6397 0.0567 0.0577
5 0.7795 0.5322 0.1056 0.0699
5 0.7974 0.5832 0.1227 0.0798
5 0.7985 0.6665 0.1048 0.0821
