0 0.2958 0.4739 0.2446 0.1764
1 0.2436 0.9572 0.1084 0.0847
2 0.5238 0.6667 0.1980 0.1568
1 0.3398 0.6317 0.2066 0.1637
1 0.1152 0.5474 0.0663 0.0444
0 0.7479 0.5334 0.0972 0.0612
1 0.4927 0.5374 0.2107 0.1549
2 0.0276 0.3568 0.0552 0.0725
2 0.0676 0.3627 0.0623 0.0456
2 0.0281 0.1360 0.0562 0.0737
2 0.6180 0.0418 0.0734 0.0440
2 0.6892 0.0340 0.0648 0.0285
2 0.5724 0.0401 0.0349 0.0399
2 0.6266 0.3296 0.0907 0.0634
2 0.4405 0.3226 0.0524 0.0403
2 0.6748 0.2995 0.0682 0.0475
1 0.5224 0.4351 0.0568 0.0400
