5 0.4085 0.3765 0.1194 0.1022
4 0.4033 0.4798 0.1695 0.1288
4 0.6449 0.4843 0.2032 0.1284
5 0.4603 0.5217 0.1194 0.1018
5 0.3867 0.5597 0.0419 0.0354
5 0.5063 0.5459 0.0961 0.0839
5 0.6344 0.5588 0.1217 0.0415
5 0.6091 0.6352 0.1595 0.1175
5 0.7058 0.6304 0.0932 0.0939
5 0.5951 0.7331 0.1316 0.0930
5 0.6036 0.8219 0.1112 0.0908
3 0.3561 0.8715 0.0553 0.0537
3 0.4198 0.8204 0.0361 0.0406
5 0.6624 0.8510 0.0833 0.0712
5 0.7334 0.8058 0.0961 0.0751
5 0.8752 0.9329 0.0477 0.0542
5 0.8837 0.9811 0.0728 0.0371
3 0.8082 0.8272 0.0396 0.0489
3 0.8074 0.6743 0.0751 0.0507
4 0.7325 0.7385 0.0559 0.0454
5 0.4752 0.5848 0.0524 0.0288
