5 0.9592 0.0303 0.0815 0.0606
5 0.9850 0.1634 0.0299 0.0484
5 0.9475 0.1488 0.0440 0.0326
5 0.8952 0.0953 0.0581 0.0586
5 0.8485 0.0980 0.0716 0.0577
5 0.8846 0.2142 0.0370 0.0251
5 0.9442 0.2897 0.0294 0.0194
5 0.7840 0.1332 0.0411 0.0339
5 0.7429 0.0603 0.0669 0.0564
5 0.6566 0.1068 0.0657 0.0550
5 0.5929 0.0740 0.0429 0.0405
5 0.8747 0.2842 0.0205 0.0145
5 0.6698 0.2899 0.0675 0.0533
5 0.5873 0.2457 0.0787 0.0669
5 0.6166 0.3331 0.0716 0.0541
5 0.5400 0.3060 0.0840 0.0643
5 0.4837 0.2752 0.0922 0.0766
4 0.4411 0.2043 0.0798 0.0634
5 0.5356 0.3729 0.0470 0.0370
5 0.5048 0.3714 0.0464 0.0330
4 0.3040 0.2105 0.0746 0.0616
4 0.2993 0.2935 0.0781 0.0586
4 0.3319 0.3327 0.0881 0.0639
5 0.2835 0.3626 0.0499 0.0295
5 0.2576 0.3205 0.0605 0.0431
4 0.4455 0.3829 0.0992 0.0656
4 0.4602 0.4619 0.0945 0.0696
4 0.3519 0.4192 0.0939 0.0634
5 0.4352 0.5389 0.0751 0.0537
5 0.4983 0.4685 0.0464 0.0493
5 0.3492 0.4868 0.0804 0.0550
5 0.3542 0.5418 0.0728 0.0542
3 0.3140 0.6189 0.0875 0.0735
5 0.4713 0.6693 0.0945 0.0793
4 0.4097 0.7320 0.1110 0.0885
4 0.3260 0.6580 0.0657 0.0277
4 0.2814 0.7435 0.0986 0.0762
5 0.4511 0.7578 0.0869 0.0713
5 0.3886 0.7945 0.0687 0.0524
5 0.3040 0.8122 0.0851 0.0674
5 0.4390 0.6351 0.0581 0.0533
5 0.6058 0.5858 0.0898 0.0674
4 0.6002 0.5044 0.0857 0.0691
5 0.7443 0.5191 0.0804 0.0608
