4 0.6283 0.4142 0.1561 0.1402
5 0.5002 0.4363 0.1025 0.0620
5 0.3433 0.3522 0.1240 0.1157
5 0.4842 0.4830 0.1310 0.1232
5 0.6912 0.5435 0.1304 0.1227
5 0.3290 0.4939 0.1141 0.1005
5 0.2949 0.5630 0.0961 0.0926
5 0.4469 0.5448 0.0693 0.0756
5 0.5194 0.5896 0.1095 0.1101
5 0.7040 0.6258 0.1165 0.0978
5 0.7142 0.6953 0.0856 0.0480
5 0.6158 0.6903 0.0856 0.0817
5 0.4097 0.5964 0.0775 0.0651
5 0.4006 0.6494 0.0675 0.0690
5 0.2682 0.6250 0.0868 0.0786
5 0.3337 0.6911 0.0699 0.0721
5 0.5282 0.8817 0.0357 0.0350
3 0.4982 0.8452 0.0427 0.0386
3 0.5334 0.8502 0.0392 0.0340
4 0.5548 0.8233 0.0370 0.0337
