3 0.3375 0.1236 0.1846 0.1485
3 0.3698 0.2710 0.1735 0.1288
3 0.5480 0.2644 0.1631 0.0878
5 0.3436 0.3765 0.0687 0.0585
5 0.2661 0.4599 0.1176 0.0786
4 0.3121 0.5044 0.1549 0.1301
5 0.6202 0.5503 0.1619 0.1162
5 0.3523 0.6141 0.1060 0.0952
5 0.2469 0.6171 0.1421 0.0987
5 0.3910 0.6927 0.1147 0.0882
5 0.5095 0.7197 0.1642 0.1162
5 0.3264 0.7588 0.1310 0.0991
5 0.4760 0.8145 0.1194 0.0996
5 0.5549 0.8088 0.0559 0.0847
5 0.4327 0.8671 0.0967 0.0808
5 0.5168 0.8800 0.0681 0.0611
5 0.4181 0.7785 0.0699 0.0790
